8,573364,1.0,3.0
8,1922607,3.0,3.4
8,1785017,2.0,2.9
28,2628220,4.0,3.9
28,1242044,5.0,3.5
28,1209343,2.0,3.5
28,1234163,4.0,3.5
28,2152856,4.0,3.8
28,721036,4.0,3.6
28,705534,4.0,3.6
28,887393,4.0,4.2
28,1658790,5.0,3.5
48,659029,4.0,3.5
48,2591450,5.0,4.2
48,1021435,2.0,3.5
48,2502098,4.0,3.7
111,771805,4.0,3.5
111,2602249,3.0,2.4
111,2618990,4.0,3.6
111,2138216,4.0,3.5
111,2030198,3.0,3.0
111,674160,1.0,3.0
111,2006505,2.0,2.9
111,2113709,1.0,2.5
111,990918,3.0,2.9
111,1933592,5.0,4.0
111,1773695,3.0,3.3
111,1228562,1.0,3.2
122,514787,5.0,3.7
122,2174688,2.0,2.1
122,307517,3.0,4.1
127,2035595,2.0,2.2
127,1194698,1.0,2.4
156,959714,3.0,3.9
156,2387369,3.0,3.6
156,400440,3.0,3.2
156,973051,5.0,4.4
185,1370564,1.0,2.4
305,1053165,3.0,3.3
305,2387463,4.0,4.0
305,885386,3.0,3.6
305,475253,4.0,4.1
305,1632041,4.0,4.1
361,296153,4.0,3.7
361,2220157,4.0,3.3
361,1546186,3.0,3.3
361,2444052,1.0,2.9
361,106933,4.0,3.4
361,1401726,5.0,4.2
361,2253274,4.0,3.3
361,405572,1.0,2.9
395,1977959,3.0,4.0
398,573364,3.0,2.8
398,1040259,2.0,4.0
409,2204299,3.0,3.9
417,2035595,1.0,2.7
442,41724,3.0,3.3
442,349572,3.0,3.4
442,936998,3.0,3.5
442,270495,3.0,3.6
442,969772,3.0,3.7
442,2182331,4.0,3.8
442,1935714,5.0,4.2
442,1222399,3.0,3.6
442,1357894,4.0,3.9
443,2556008,4.0,3.4
443,2599761,4.0,3.8
443,1447591,4.0,3.8
443,342274,3.0,3.9
443,1605124,5.0,3.6
518,2599761,3.0,3.8
543,371701,1.0,2.7
577,2192781,5.0,4.0
636,379499,4.0,3.2
636,904842,4.0,2.8
636,672349,2.0,3.3
636,1270980,3.0,3.5
636,39811,3.0,3.2
636,542751,4.0,3.6
638,734269,2.0,3.3
655,2077046,3.0,3.1
681,513501,4.0,3.8
681,1316174,3.0,3.9
681,2082864,3.0,3.1
681,1522119,3.0,3.6
681,1840149,5.0,4.5
681,2345454,3.0,3.3
718,1236924,3.0,2.7
722,2182331,5.0,4.1
722,2177657,4.0,3.9
723,223269,3.0,2.6
723,514787,2.0,3.7
723,1551094,4.0,3.3
723,1928964,1.0,1.4
723,2247406,2.0,2.8
723,1210935,3.0,2.6
723,1605513,3.0,3.4
725,2135802,4.0,3.7
790,966255,3.0,3.1
844,2387369,5.0,4.0
849,1977959,3.0,3.3
849,2449001,3.0,3.4
849,885386,4.0,3.6
850,1085863,3.0,3.9
851,347827,5.0,3.9
851,2344564,5.0,3.8
851,429045,5.0,3.5
851,1961537,5.0,4.7
851,1197493,3.0,2.6
851,2303773,3.0,3.7
855,2140945,5.0,3.6
949,643778,4.0,3.8
949,1085488,4.0,3.6
992,972914,5.0,4.4
992,1429452,4.0,4.0
992,400086,4.0,4.1
992,326502,5.0,4.5
1046,2498359,3.0,3.6
1046,74670,2.0,2.9
1046,1234163,3.0,3.1
1046,58802,3.0,3.3
1046,2240010,3.0,3.1
1046,998010,3.0,3.2
1046,331875,4.0,3.5
1046,712361,4.0,3.2
1046,136381,1.0,3.1
1046,1170831,3.0,4.2
1046,1641914,4.0,3.7
1061,79408,2.0,3.3
1091,2634967,1.0,1.2
1092,152405,3.0,2.4
1092,772825,4.0,2.9
1100,270495,2.0,2.3
1100,2605948,2.0,2.4
1104,1759205,3.0,3.1
1104,1926928,4.0,3.6
1104,2071383,3.0,3.6
1104,210595,3.0,3.1
1104,2197603,3.0,3.4
1104,2069625,5.0,3.4
1123,969879,4.0,2.6
1123,2174688,3.0,3.0
1123,1975589,4.0,3.8
1123,2012675,5.0,3.8
1123,1116031,4.0,3.1
1123,2233703,5.0,4.1
1123,561636,3.0,2.9
1134,1725453,3.0,3.6
1202,982690,4.0,3.5
1202,396400,3.0,3.6
1202,1242044,2.0,3.3
1202,463840,2.0,3.5
1202,2596745,3.0,4.2
1202,1922607,3.0,3.8
1202,2396898,1.0,4.2
1202,1326994,5.0,3.2
1202,1780583,3.0,3.1
1202,2194337,3.0,4.0
1202,1091467,4.0,3.7
1202,2395970,4.0,4.1
1202,1831361,3.0,3.6
1202,2444052,3.0,3.1
1202,1913186,5.0,4.2
1202,1495562,4.0,3.4
1202,1658790,3.0,3.3
1256,69183,5.0,4.6
1256,2269039,5.0,4.6
1260,962151,3.0,2.7
1289,956874,3.0,2.3
1289,968001,2.0,2.2
1289,943538,3.0,2.1
1289,2246442,4.0,3.2
1289,2316963,4.0,3.9
1289,933082,2.0,2.7
1289,2394802,3.0,3.4
1289,956271,3.0,2.6
1289,1781160,4.0,2.7
1289,2429513,2.0,2.1
1305,1977959,4.0,3.2
1305,2443940,3.0,3.1
1305,1899746,5.0,3.8
1305,1531344,4.0,3.8
1305,1085488,3.0,3.6
1305,1079613,4.0,3.2
1305,1679839,4.0,3.5
1305,721036,5.0,3.4
1305,2605004,3.0,3.8
1305,2140945,5.0,4.2
1305,1025888,2.0,3.6
1313,2589198,3.0,1.5
1367,2556008,4.0,3.2
1367,279960,4.0,3.7
1367,966255,4.0,3.7
1367,2397914,4.0,3.2
1367,936998,2.0,3.4
1367,1975589,3.0,3.6
1367,2113709,4.0,3.2
1367,1062450,5.0,4.3
1367,1065302,2.0,3.1
1367,2204299,5.0,3.8
1367,2499000,2.0,3.1
1367,2177657,3.0,3.4
1367,834896,2.0,3.4
1406,2628220,5.0,3.6
1406,1062351,5.0,3.6
1406,52029,5.0,4.0
1406,2057826,3.0,3.0
1406,223269,3.0,2.9
1406,924960,5.0,3.9
1406,1418739,2.0,2.3
1406,1303781,3.0,3.6
1406,1385823,3.0,3.4
1406,1104107,1.0,3.3
1406,393226,2.0,3.5
1406,1168291,4.0,3.2
1406,1759398,4.0,3.0
1406,310178,3.0,3.3
1406,1484825,5.0,3.1
1406,672349,4.0,3.1
1406,1935714,4.0,4.0
1406,2014280,1.0,3.1
1406,118244,2.0,3.4
1406,1742928,3.0,3.7
1406,1682916,4.0,3.7
1406,1139218,3.0,3.7
1406,993035,2.0,2.9
1406,1984813,2.0,3.2
1406,1284912,3.0,3.3
1406,371701,4.0,2.5
1406,1281487,4.0,3.8
1425,1236924,3.0,3.1
1425,345793,4.0,3.5
1425,1902140,4.0,4.2
1425,2580792,3.0,3.0
1425,1355912,4.0,4.0
1425,2283319,5.0,3.5
1482,949667,3.0,3.1
1482,2394802,4.0,3.6
1482,1759398,2.0,2.8
1482,2176465,3.0,2.2
1488,806546,4.0,3.7
1600,1757328,3.0,2.9
1600,142909,4.0,3.3
1615,52029,3.0,4.4
1615,1578594,3.0,4.1
1615,197851,4.0,3.3
1615,1120853,4.0,3.9
1615,2177165,3.0,3.7
1615,2274163,4.0,4.3
1615,369756,2.0,3.3
1615,601868,4.0,3.7
1615,1342657,2.0,3.5
1615,1053165,4.0,3.4
1615,196698,2.0,3.9
1615,2194337,4.0,4.0
1615,50057,3.0,3.8
1615,575399,5.0,4.7
1615,2059635,4.0,3.4
1615,1887920,5.0,4.3
1615,31503,5.0,3.9
1615,1662770,4.0,3.6
1615,2203675,2.0,3.7
1615,2634967,3.0,1.8
1629,2176465,1.0,2.3
1644,2072798,3.0,3.8
1668,449967,3.0,2.9
1668,110390,2.0,2.6
1668,2012675,3.0,3.3
1668,2316963,5.0,4.4
1668,1665685,4.0,3.1
1744,1498538,3.0,3.3
1744,727646,4.0,3.7
1744,1099801,4.0,3.5
1744,347827,5.0,4.0
1744,456445,4.0,3.8
1744,1886809,4.0,3.9
1744,87118,3.0,3.7
1744,933082,3.0,2.7
1744,2387463,4.0,4.0
1744,409310,4.0,3.9
1744,2311775,4.0,3.7
1744,118244,5.0,3.8
1744,454171,4.0,4.0
1744,2253274,3.0,3.3
1744,1155543,5.0,4.3
1744,807592,3.0,3.6
1757,296153,3.0,3.6
1757,1882738,3.0,3.0
1757,2019921,5.0,4.6
1803,360830,1.0,2.7
1803,643778,2.0,3.8
1803,791811,3.0,3.4
1803,1829594,3.0,3.1
1803,2240010,4.0,3.2
1803,1159968,4.0,3.5
1803,2130756,5.0,4.1
1803,600724,4.0,4.1
1803,329653,5.0,4.2
1803,412805,5.0,3.8
1832,1594839,3.0,4.0
1832,2410362,5.0,3.8
1832,1861186,4.0,3.9
1832,1194698,4.0,3.1
1832,2352305,3.0,3.4
1832,2252912,4.0,3.7
1832,1523477,4.0,4.0
1832,1972488,3.0,2.9
1832,78922,5.0,4.3
1832,1900424,5.0,3.8
1845,172102,1.0,2.6
1845,2405506,5.0,3.9
1848,2628220,4.0,3.8
1848,761430,5.0,5.0
1853,1873315,3.0,3.6
1853,2420083,4.0,3.5
1853,2233703,5.0,3.9
1853,2462751,3.0,3.7
1868,2496874,3.0,4.0
1884,2079036,2.0,3.1
1884,1202268,3.0,2.8
1884,2344564,3.0,3.1
1884,1617710,4.0,3.3
1889,2213137,3.0,2.7
1889,885386,3.0,2.7
1901,2630287,3.0,2.9
1901,771805,4.0,4.2
1901,771516,3.0,3.4
1901,56790,2.0,3.4
1901,578896,5.0,4.1
1901,1430398,3.0,3.1
1901,913920,3.0,3.5
1901,449597,4.0,4.0
1901,1784935,5.0,3.8
1901,1182702,5.0,3.6
1901,50057,3.0,3.4
1958,2176465,1.0,1.8
1983,558480,3.0,3.8
1983,1174541,4.0,3.1
1983,132537,4.0,4.2
1983,913920,4.0,3.6
1983,158086,4.0,3.1
1983,2071383,3.0,3.7
1983,1550207,1.0,2.0
2015,1267586,4.0,4.2
2015,2079036,4.0,4.1
2015,811104,3.0,3.7
2015,399772,5.0,4.4
2015,1575181,4.0,3.6
2015,1664634,2.0,3.3
2028,643778,5.0,3.8
2043,223803,5.0,3.9
2043,2035595,1.0,2.9
2043,1731259,5.0,3.8
2043,1189286,5.0,3.9
2083,2444052,3.0,3.2
2103,349572,3.0,3.2
2103,100415,3.0,3.2
2103,2057826,4.0,3.3
2103,2509533,4.0,4.1
2104,623496,3.0,3.3
2104,550777,4.0,3.4
2104,885386,3.0,3.3
2104,1309683,4.0,3.4
2104,43489,4.0,3.5
2198,2602249,3.0,3.0
2198,371701,2.0,2.7
2212,1508003,3.0,3.6
2212,823802,3.0,3.7
2212,2038196,3.0,3.8
2212,969772,3.0,3.7
2212,840996,4.0,3.4
2212,1725453,4.0,3.7
2212,2443463,5.0,3.7
2212,1160998,3.0,3.3
2212,1170770,4.0,3.7
2235,823802,4.0,2.6
2243,1035300,4.0,3.1
2251,779635,3.0,2.9
2251,1874187,3.0,3.2
2251,542729,3.0,3.3
2251,1247465,5.0,4.7
2284,2206364,5.0,4.2
2284,513501,4.0,3.4
2284,2203834,3.0,2.9
2284,314110,5.0,3.9
2284,1241706,3.0,3.5
2284,2605004,2.0,3.4
2284,2283319,3.0,2.9
2290,41724,5.0,3.7
2290,2240670,5.0,4.4
2290,1382766,3.0,3.1
2290,883136,5.0,3.7
2290,767492,5.0,4.5
2290,1192820,4.0,3.6
2290,3604,5.0,3.5
2290,1970922,4.0,4.7
2290,1365272,4.0,4.1
2290,721036,3.0,3.8
2290,1395584,5.0,4.7
2290,1795821,3.0,3.4
2290,874948,3.0,4.1
2290,1270980,4.0,4.2
2316,962151,3.0,2.3
2342,2192781,1.0,3.5
2342,229833,5.0,4.4
2342,2129706,3.0,3.8
2342,2007083,4.0,4.3
2342,1269848,5.0,4.2
2342,1093720,2.0,3.4
2342,2200358,5.0,3.7
2342,1688176,4.0,4.0
2342,2386179,5.0,3.3
2342,1495562,4.0,3.7
2342,1106149,1.0,3.5
2342,372239,4.0,4.1
2342,1144520,4.0,4.1
2352,2397914,2.0,3.0
2352,763967,5.0,3.4
2356,2461227,4.0,2.8
2366,1202268,3.0,3.0
2375,531125,4.0,2.6
2375,1970922,4.0,4.2
2375,1639598,3.0,3.6
2375,1784935,4.0,3.7
2375,1351112,2.0,3.4
2418,1356861,4.0,3.1
2430,1892661,4.0,4.4
2430,982690,2.0,3.5
2430,973538,5.0,4.1
2430,87360,5.0,4.3
2430,1791124,4.0,3.5
2430,657582,3.0,4.1
2430,1062450,5.0,4.7
2430,2130756,5.0,4.3
2430,137602,2.0,3.3
2430,836711,4.0,3.8
2430,1019912,4.0,4.0
2430,492513,4.0,3.7
2430,948702,3.0,4.2
2430,2284489,5.0,4.1
2430,561636,1.0,3.2
2430,2036752,3.0,3.4
2430,1144520,4.0,4.3
2432,660175,3.0,2.8
2460,515441,4.0,3.2
2460,1194698,2.0,2.6
2460,926900,1.0,2.7
2460,2024797,3.0,3.3
2460,2209351,4.0,3.9
2460,962151,3.0,2.8
2460,1062804,1.0,3.0
2504,314110,4.0,4.1
2506,2165012,4.0,3.7
2512,1750544,3.0,3.5
2518,2554379,2.0,3.0
2518,623496,3.0,3.4
2518,1581343,2.0,3.1
2518,990918,3.0,3.3
2518,137602,3.0,2.8
2518,1806018,3.0,3.6
2528,1574264,5.0,3.4
2528,2557067,3.0,2.9
2528,1602339,3.0,3.3
2528,2310027,2.0,3.1
2528,1972488,3.0,2.4
2528,442276,3.0,2.8
2528,1168291,4.0,3.1
2528,2405506,4.0,4.2
2532,1315754,3.0,3.8
2532,1659178,4.0,4.7
2532,284970,5.0,4.4
2532,2203675,4.0,4.0
2597,1293788,4.0,3.0
2601,323243,3.0,3.2
2601,2386179,4.0,3.5
2640,573364,3.0,3.8
2640,1451183,3.0,3.1
2640,349572,4.0,3.5
2640,409290,4.0,4.1
2640,2060858,3.0,3.5
2640,1937187,2.0,3.8
2640,1134607,3.0,2.8
2643,88897,4.0,4.0
2658,1103874,3.0,3.5
2659,1495562,3.0,2.6
2660,739683,3.0,3.8
2660,373557,3.0,3.8
2660,2481718,4.0,4.5
2660,2024602,4.0,4.3
2660,1553720,4.0,3.9
2660,601868,3.0,3.9
2660,1414159,4.0,4.1
2660,542729,5.0,4.2
2660,1816695,5.0,4.1
2660,2393192,4.0,4.1
2660,137602,3.0,3.3
2660,2122411,4.0,3.8
2660,2059635,3.0,3.8
2660,1642040,4.0,4.1
2660,7134,4.0,4.3
2660,2634967,4.0,2.1
2675,1227432,4.0,3.5
2675,2137112,2.0,2.1
2675,2095338,1.0,3.3
2675,2294110,1.0,2.6
2675,1355003,2.0,2.8
2675,2060858,1.0,2.3
2675,1414072,2.0,2.5
2675,2346006,3.0,2.0
2731,603466,3.0,2.4
2731,1757328,3.0,3.3
2731,1606520,1.0,2.3
2731,1070701,2.0,2.8
2731,872408,2.0,2.1
2755,1315754,3.0,3.4
2755,1109553,3.0,3.0
2755,926900,4.0,3.2
2755,860647,3.0,3.5
2755,1941862,5.0,3.7
2755,2041854,5.0,4.6
2756,2396898,4.0,4.5
2756,1568103,2.0,4.2
2757,1759205,2.0,3.3
2757,926900,1.0,3.0
2757,2376121,4.0,3.6
2757,705534,3.0,3.3
2757,734269,5.0,3.3
2789,2397914,2.0,3.1
2789,2520941,4.0,3.8
2808,1332183,5.0,4.3
2861,1602339,5.0,4.5
2866,959714,3.0,3.6
2866,2206704,4.0,4.2
2866,1234163,2.0,3.2
2866,657582,2.0,3.3
2866,2428151,3.0,3.4
2866,772825,5.0,3.3
2866,2110213,2.0,2.6
2866,2253274,4.0,3.2
2866,98388,3.0,3.7
2866,489702,1.0,2.0
2905,2297074,4.0,3.1
2905,743076,3.0,3.6
2905,2041854,3.0,4.5
2913,573364,4.0,4.0
2913,463840,5.0,3.9
2913,1551094,5.0,4.4
2913,140498,4.0,3.6
2913,1099918,4.0,3.5
2913,2387369,3.0,3.4
2913,1940669,4.0,4.1
2913,628307,4.0,3.9
2913,158086,3.0,3.7
2913,2061180,2.0,3.8
2913,2585062,5.0,4.4
2913,2177657,3.0,3.6
2913,1984813,4.0,3.8
2913,1228562,3.0,4.2
2913,390751,5.0,3.7
2918,1900424,4.0,3.7
2925,1604357,3.0,3.9
2928,1742939,4.0,3.9
2939,1783996,5.0,3.7
2955,497196,3.0,2.8
2955,771516,4.0,3.9
2955,2428151,5.0,4.1
2955,2289798,3.0,3.7
2955,1338297,5.0,4.6
2955,2545730,4.0,4.0
2988,657582,2.0,3.3
2988,1065302,2.0,3.0
2988,461065,4.0,3.3
3043,1107860,1.0,3.3
3043,1955660,3.0,2.7
3054,1834123,4.0,3.6
3073,269316,5.0,3.6
3084,1577811,2.0,3.1
3084,1243335,5.0,3.0
3135,480567,5.0,3.9
3135,2079036,4.0,3.4
3135,1902140,4.0,3.8
3135,2634967,3.0,1.4
3143,1002943,4.0,3.8
3149,10374,5.0,4.2
3151,88897,5.0,3.8
3151,1124163,3.0,3.0
3151,2129706,3.0,3.3
3151,1861186,4.0,3.7
3151,1498538,3.0,2.8
3151,2177165,4.0,3.5
3151,1234163,3.0,3.1
3151,1196969,1.0,3.1
3151,761926,3.0,3.6
3151,2274163,5.0,4.2
3151,657582,3.0,3.5
3151,862778,4.0,3.1
3151,331875,5.0,3.8
3151,249977,5.0,3.4
3151,649226,5.0,3.8
3151,724256,5.0,3.3
3151,538321,3.0,4.1
3151,1825413,5.0,3.5
3151,409310,4.0,3.7
3151,830607,2.0,3.3
3151,2452157,3.0,3.3
3151,1111123,3.0,3.4
3165,1794216,2.0,3.3
3165,1294790,4.0,4.2
3165,1414159,5.0,3.8
3165,297269,4.0,3.8
3165,1475817,4.0,3.5
3165,1288391,4.0,3.8
3165,1831361,3.0,3.4
3165,2345454,4.0,3.2
3165,993035,4.0,3.1
3165,1860613,4.0,3.9
3165,1170831,5.0,4.4
3176,643778,3.0,3.2
3176,1596727,3.0,3.2
3192,314110,4.0,3.9
3192,2138216,4.0,3.7
3196,1784946,2.0,3.3
3220,1079746,1.0,2.3
3220,2593295,4.0,3.5
3229,2397914,3.0,3.3
3229,1955660,3.0,3.1
3232,581893,5.0,4.4
3232,409310,4.0,3.9
3232,872408,3.0,3.1
3237,943538,4.0,2.9
3237,531125,1.0,2.5
3237,901069,2.0,2.7
3253,396400,3.0,3.4
3253,161223,2.0,2.8
3253,1107858,4.0,3.2
3253,2449001,4.0,3.1
3253,1725453,2.0,3.3
3253,1799090,3.0,3.4
3269,468079,4.0,4.1
3269,973538,3.0,3.8
3269,1757328,4.0,3.5
3269,2461227,5.0,3.8
3269,930538,3.0,3.8
3269,404602,5.0,3.7
3269,1247465,5.0,4.3
3269,1775740,3.0,3.4
3274,1977959,2.0,3.3
3274,314110,4.0,4.3
3274,844748,4.0,3.7
3274,1763197,4.0,3.5
3274,1109553,4.0,2.9
3274,969772,3.0,3.5
3274,273541,5.0,3.3
3274,695541,4.0,3.5
3274,329653,4.0,4.0
3274,948702,4.0,3.7
3274,1105040,5.0,4.1
3285,515441,4.0,3.7
3285,1243335,4.0,3.6
3285,1784935,3.0,3.9
3285,40950,3.0,3.8
3290,396400,5.0,4.2
3290,349572,4.0,3.9
3290,1739284,5.0,4.2
3290,1861186,5.0,4.6
3290,2335640,5.0,3.7
3290,1511466,3.0,3.9
3290,2294110,4.0,4.2
3290,901720,3.0,4.4
3290,1599161,5.0,4.7
3290,2495459,4.0,4.0
3290,829401,5.0,4.7
3290,2059635,5.0,4.2
3290,454171,5.0,4.7
3290,2476470,5.0,3.8
3290,2188443,3.0,4.0
3290,43489,4.0,4.3
3290,1029833,5.0,4.3
3290,326502,4.0,4.6
3290,123974,5.0,4.7
3316,2220157,2.0,2.7
3326,1784323,4.0,3.9
3326,801513,3.0,3.2
3326,939439,2.0,2.9
3326,1489463,3.0,3.3
3355,2381246,4.0,3.8
3355,2335640,4.0,3.0
3355,1102208,4.0,3.9
3355,894055,3.0,3.5
3355,2204299,4.0,3.8
3355,1271756,3.0,3.8
3355,1575181,4.0,3.4
3359,342274,2.0,2.7
3418,2192781,2.0,2.9
3418,1522119,4.0,3.4
3418,511942,3.0,3.1
3418,2455567,2.0,2.9
3418,1508328,2.0,2.9
3418,1757056,4.0,3.2
3418,2305823,4.0,2.9
3418,1583194,1.0,2.9
3440,1270980,3.0,2.7
3538,248932,3.0,3.5
3538,670748,4.0,3.4
3538,294155,4.0,3.5
3538,1151752,1.0,3.6
3538,269316,4.0,3.3
3538,1969285,2.0,3.7
3538,2601892,3.0,3.7
3538,894055,3.0,3.4
3538,575399,5.0,4.6
3538,1414072,4.0,3.3
3538,2545709,3.0,3.9
3538,930687,4.0,3.6
3538,1781160,4.0,3.6
3538,872408,3.0,2.9
3538,43489,3.0,3.7
3538,1357894,4.0,3.5
3538,2019776,4.0,3.3
3538,1974194,5.0,3.3
3538,326502,5.0,4.1
3541,2607224,4.0,3.1
3541,2496874,4.0,3.8
3541,1940669,5.0,3.9
3541,1608329,4.0,3.4
3541,2499000,3.0,3.1
3541,2476470,3.0,3.1
3541,2041854,5.0,4.5
3541,736652,1.0,3.9
3541,208724,4.0,3.3
3546,904842,4.0,2.6
3559,1794216,3.0,3.7
3587,249977,3.0,3.2
3587,2466889,1.0,3.4
3587,1795821,2.0,2.8
3590,1079746,3.0,2.6
3590,924960,2.0,3.9
3613,1834123,3.0,3.7
3638,2602249,3.0,2.8
3638,1715651,4.0,3.6
3638,1451807,4.0,3.3
3638,968001,1.0,2.7
3638,704069,4.0,4.2
3638,738784,1.0,3.0
3638,1116031,3.0,2.9
3638,687235,2.0,2.9
3638,1159968,3.0,3.5
3638,829401,3.0,3.5
3638,962151,3.0,2.8
3638,1759398,4.0,3.1
3638,329653,3.0,4.2
3638,1437964,2.0,3.6
3670,2179335,1.0,3.6
3670,581893,5.0,3.6
3670,990036,3.0,2.6
3670,2024797,3.0,3.1
3670,1568103,3.0,3.5
3670,1783376,2.0,2.9
3670,477502,4.0,3.7
3670,807890,3.0,3.0
3685,145873,5.0,4.4
3705,2545730,3.0,3.1
3740,2554379,3.0,3.2
3740,949667,4.0,3.5
3742,1828311,3.0,3.8
3742,223803,5.0,4.1
3742,100415,3.0,3.8
3742,1602339,3.0,4.3
3742,1969285,3.0,4.3
3742,1444657,4.0,3.2
3742,1040259,5.0,4.4
3742,2286322,4.0,4.3
3742,1832780,5.0,4.2
3742,761430,5.0,5.0
3742,2429513,5.0,3.7
3743,1120853,1.0,3.4
3743,943538,2.0,2.6
3743,1580943,4.0,3.5
3824,654043,4.0,3.5
3824,1606520,1.0,2.7
3824,2294110,4.0,3.3
3824,440499,3.0,3.7
3824,2019776,2.0,3.0
3862,2387707,4.0,2.4
3862,2179859,1.0,2.8
3862,1409687,3.0,2.6
3862,2059267,3.0,3.0
3862,1402813,2.0,2.7
3862,1832243,3.0,2.9
3862,1816521,2.0,3.0
3862,68056,2.0,3.3
3878,2634967,1.0,1.9
3881,3604,5.0,3.9
3881,1988375,3.0,2.6
3890,670748,3.0,2.7
3890,1715651,1.0,3.2
3890,89453,3.0,2.5
3890,1522119,3.0,3.4
3890,567495,3.0,2.8
3890,1658790,1.0,2.8
3893,2602249,3.0,2.9
3893,1837284,3.0,3.3
3893,914848,3.0,3.4
3893,849748,5.0,3.6
3893,1577811,2.0,3.4
3893,738784,4.0,3.4
3893,500840,4.0,4.2
3893,159266,4.0,3.6
3893,1182702,3.0,3.6
3893,1019912,4.0,3.5
3893,1351112,4.0,3.3
3893,2588755,3.0,3.3
3903,2459251,5.0,3.6
3903,1900118,4.0,3.6
3903,310122,4.0,4.0
3903,724256,5.0,3.5
3903,2387463,3.0,4.0
3903,1244949,4.0,4.2
3903,2452157,3.0,3.4
3903,1437964,2.0,3.9
3928,823802,5.0,4.4
3928,2297074,4.0,3.8
3928,249977,4.0,4.2
4049,654334,5.0,3.9
4049,111918,4.0,3.8
4049,1062416,4.0,3.6
4049,2588755,4.0,3.7
4049,31503,3.0,4.1
4049,260415,4.0,3.9
4095,1984813,4.0,2.8
4129,2387463,2.0,4.3
4144,2069695,4.0,3.2
4144,2054694,4.0,3.3
4144,2305583,3.0,3.4
4144,2526662,4.0,3.7
4160,511942,3.0,2.6
4189,1025888,1.0,3.9
4207,2335640,3.0,3.5
4207,724256,5.0,4.1
4207,2194337,5.0,4.3
4207,2304298,4.0,4.3
4207,2069625,3.0,3.5
4268,375199,3.0,3.8
4299,513501,4.0,3.9
4329,2545730,2.0,3.4
4346,439926,3.0,2.9
4346,534269,3.0,3.2
4394,1757328,3.0,2.4
4405,823802,3.0,3.7
4429,1604525,3.0,3.0
4429,1222903,3.0,3.4
4432,813307,3.0,3.8
4432,982690,4.0,3.2
4432,2361520,4.0,3.9
4432,1664146,3.0,3.3
4432,739683,2.0,3.2
4432,1293835,5.0,4.9
4432,2137112,2.0,3.1
4432,1385823,4.0,3.8
4432,1606520,3.0,3.0
4432,939439,4.0,3.5
4432,159266,3.0,3.7
4432,58399,4.0,3.9
4432,829401,5.0,3.9
4432,853459,4.0,4.1
4432,1010964,5.0,4.9
4432,2589198,3.0,2.5
4432,106933,3.0,3.6
4432,1937187,4.0,3.5
4432,1106149,2.0,3.4
4432,1662770,4.0,3.5
4468,1025888,5.0,4.0
4485,1737894,5.0,3.9
4485,2137112,3.0,3.1
4485,738804,4.0,4.2
4485,1370564,2.0,2.8
4485,172102,3.0,2.9
4496,1892661,5.0,4.3
4496,1443700,1.0,3.9
4496,1107858,4.0,3.8
4496,1085488,4.0,4.1
4496,2294868,3.0,3.4
4496,1456866,5.0,4.4
4496,2489039,5.0,3.8
4546,1189241,3.0,3.0
4546,2361520,2.0,3.4
4546,2079036,3.0,3.2
4546,2520941,3.0,3.7
4546,567495,3.0,3.2
4546,2200358,4.0,2.9
4546,1347915,2.0,2.7
4546,2176465,3.0,2.0
4546,2294868,3.0,3.0
4546,874948,4.0,3.5
4546,1658790,4.0,3.0
4546,2486182,5.0,3.2
4563,1900424,5.0,3.5
4586,69183,3.0,3.4
4586,1107858,2.0,3.2
4586,1182702,4.0,3.4
4586,492513,3.0,2.9
4586,2036752,5.0,2.7
4613,1846106,5.0,2.6
4627,1874187,3.0,3.1
4627,1107858,4.0,3.6
4627,2136927,4.0,3.6
4627,2185396,4.0,3.7
4627,2327365,4.0,4.2
4627,2077046,4.0,3.8
4640,1267500,5.0,4.0
4640,296153,3.0,3.4
4640,1380506,4.0,4.3
4640,1664146,4.0,3.8
4640,1002524,5.0,3.8
4640,1286689,4.0,3.8
4640,2481718,5.0,4.6
4640,2079036,4.0,4.1
4640,99865,3.0,3.8
4640,235562,5.0,4.2
4640,24600,3.0,3.8
4640,1551094,5.0,4.4
4640,1337310,5.0,4.0
4640,1209122,5.0,4.5
4640,1952339,4.0,4.2
4640,347827,3.0,4.3
4640,1511466,3.0,3.5
4640,1040259,5.0,4.0
4640,159266,4.0,4.1
4640,1093720,5.0,3.5
4640,1811650,5.0,3.5
4640,1725453,3.0,3.9
4640,2591450,4.0,4.5
4640,204504,5.0,5.0
4640,2526662,5.0,4.2
4640,1062804,3.0,3.6
4640,167759,3.0,4.2
4640,2108623,5.0,4.3
4640,1189286,4.0,4.0
4640,1682916,4.0,3.9
4640,1019912,4.0,3.9
4640,215911,3.0,3.6
4640,887393,5.0,4.5
4640,303846,4.0,3.9
4640,372239,4.0,4.1
4685,1143911,2.0,3.5
4685,1342657,3.0,3.2
4685,1972488,2.0,2.1
4685,1357428,5.0,3.1
4685,409213,2.0,2.8
4685,2605004,4.0,3.6
4685,1298126,4.0,3.8
4761,2602249,3.0,2.8
4761,654334,3.0,3.5
4761,1469427,3.0,3.0
4761,345793,3.0,3.1
4761,223269,3.0,2.9
4761,305632,3.0,3.3
4761,1564968,3.0,3.7
4761,603510,5.0,4.6
4761,2556321,2.0,3.7
4761,1849174,4.0,4.3
4761,400086,2.0,3.3
4761,78922,4.0,3.8
4761,1860613,4.0,3.5
4761,1642040,4.0,3.4
4847,1757328,4.0,3.5
4847,376730,3.0,3.6
4847,2153837,3.0,4.2
4847,1572273,4.0,4.0
4847,2315626,3.0,3.6
4847,1370564,5.0,3.2
4847,1099404,3.0,3.3
4847,946972,4.0,3.8
4847,973051,5.0,4.8
4847,930687,3.0,3.9
4847,2586810,2.0,4.2
4847,1887920,5.0,4.5
4847,1775740,5.0,3.4
4849,1101043,4.0,3.6
4849,761926,3.0,3.8
4849,1757328,3.0,3.5
4849,2294110,4.0,3.5
4849,860647,3.0,3.5
4849,2130756,5.0,4.1
4849,876005,4.0,3.9
4849,993035,3.0,3.0
4849,2000906,3.0,3.5
4849,738437,3.0,3.5
4852,110390,5.0,2.4
4852,204552,3.0,3.2
4852,43489,3.0,3.3
4876,2481718,4.0,3.8
4876,823802,3.0,3.2
4876,1840149,4.0,4.1
4876,2194337,4.0,3.7
4876,1356861,2.0,3.1
4876,743093,4.0,3.4
4876,1665685,3.0,3.1
4876,1632041,4.0,4.0
4932,1900118,4.0,3.5
4932,2269039,5.0,3.8
4932,110390,5.0,2.8
4932,1062852,2.0,3.5
4932,1109553,3.0,2.9
4932,1873315,5.0,3.8
4932,511942,5.0,3.3
4932,1709076,3.0,3.6
4932,1673594,3.0,3.1
4932,456445,5.0,3.6
4932,249241,4.0,3.2
4932,2449001,1.0,3.2
4932,1617710,3.0,3.4
4932,1718987,2.0,3.4
4932,1913186,4.0,3.8
4932,1682531,5.0,3.9
4932,1111123,2.0,3.2
4943,277223,2.0,2.7
4943,1580943,3.0,3.5
4943,2000906,3.0,3.0
4981,1370564,2.0,2.1
4981,1280311,2.0,2.8
5025,16386,3.0,3.6
5025,2461508,4.0,4.0
5025,1061353,4.0,3.2
5025,1522119,5.0,3.9
5025,2012675,3.0,3.8
5025,1961537,5.0,4.7
5025,2141681,2.0,3.6
5025,1935714,4.0,4.3
5025,2140945,4.0,4.2
5025,79556,4.0,3.7
5026,2071383,3.0,4.0
5069,513501,4.0,4.0
5069,654334,4.0,3.8
5069,349572,2.0,3.1
5069,921528,2.0,3.2
5069,1546749,4.0,3.4
5069,1176322,2.0,3.5
5069,1767795,5.0,4.3
5069,132537,4.0,4.3
5069,1116031,4.0,3.2
5069,815418,3.0,3.3
5069,2561741,4.0,4.0
5069,449597,3.0,3.9
5069,2393192,4.0,3.8
5069,56200,3.0,3.6
5069,946972,3.0,3.5
5069,705534,3.0,3.4
5069,876005,4.0,4.0
5069,2429513,3.0,3.1
5069,2067671,4.0,3.9
5069,1298126,5.0,4.3
5069,1459323,4.0,3.8
5069,1664634,3.0,3.3
5069,744698,4.0,3.5
5096,2038196,3.0,3.0
5149,1578594,2.0,3.8
5149,2455340,1.0,2.4
5149,1816695,4.0,3.6
5160,2387369,5.0,2.7
5175,1725453,2.0,2.8
5220,1382766,1.0,2.7
5220,998010,2.0,3.0
5220,2327365,4.0,4.5
5220,2200358,2.0,2.5
5220,2253274,4.0,2.8
5311,511942,2.0,3.1
5326,1594839,4.0,4.4
5326,739683,4.0,3.7
5326,1243335,5.0,4.0
5327,2127722,5.0,4.2
5327,349572,2.0,3.1
5327,52029,2.0,4.3
5327,2466889,4.0,3.4
5327,1351112,4.0,3.3
5327,1799090,3.0,3.6
5336,1409687,3.0,3.2
5342,1640123,3.0,3.1
5342,137602,2.0,2.3
5342,1937799,2.0,2.5
5367,1647196,2.0,3.3
5367,513501,4.0,3.4
5367,1715651,3.0,3.1
5367,2455340,1.0,1.7
5367,2179859,1.0,2.6
5367,2079036,3.0,2.9
5367,2327365,5.0,4.5
5367,475253,4.0,3.4
5425,1546749,4.0,3.2
5426,704069,4.0,3.8
5474,779635,3.0,2.3
5474,1385823,3.0,2.7
5485,649226,3.0,3.9
5556,885386,4.0,3.1
5562,771805,4.0,4.1
5562,1578594,4.0,4.1
5562,2636046,4.0,3.5
5562,1922607,4.0,3.9
5562,2152856,5.0,3.8
5562,456445,5.0,3.8
5562,323243,3.0,3.0
5562,1249433,3.0,2.9
5562,2344564,3.0,3.8
5562,1739597,3.0,3.6
5562,1091467,3.0,3.8
5562,2188443,4.0,3.3
5568,962151,2.0,2.5
5577,1270901,4.0,3.9
5577,739683,5.0,4.2
5577,2247785,5.0,4.1
5604,1715651,2.0,3.2
5607,1209343,3.0,3.3
5607,2344564,3.0,3.6
5607,2387463,2.0,3.8
5623,1743381,4.0,1.8
5623,2315626,4.0,3.9
5651,2602249,3.0,2.5
5651,921080,3.0,2.9
5651,1961537,5.0,4.1
5651,2067671,2.0,3.3
5651,2399478,3.0,3.2
5656,1862392,3.0,3.3
5656,2421852,3.0,3.5
5656,235562,5.0,3.7
5656,738784,5.0,3.2
5656,1599161,5.0,3.8
5656,1640519,4.0,3.5
5656,1372889,5.0,4.0
5656,1905165,1.0,3.4
5656,1638987,3.0,3.9
5656,1702473,3.0,3.3
5656,1583194,3.0,3.5
5656,2399478,3.0,3.7
5656,1293893,4.0,3.6
5700,425238,5.0,3.8
5727,1236924,2.0,3.1
5727,2461508,3.0,3.8
5727,990036,4.0,3.2
5727,354885,3.0,3.3
5727,2274163,4.0,4.3
5727,369756,3.0,3.3
5727,305632,3.0,3.8
5727,1568103,4.0,4.0
5727,1243335,5.0,3.5
5727,87118,3.0,3.7
5727,409213,3.0,3.3
5727,999528,4.0,3.8
5727,2564796,4.0,4.2
5727,1575181,2.0,3.2
5727,1144520,3.0,3.9
5760,1737894,4.0,4.2
5760,2041533,4.0,5.0
5760,1231889,3.0,3.9
5760,2303885,5.0,5.0
5760,100415,5.0,4.2
5760,470744,3.0,4.3
5760,926900,5.0,3.9
5760,2599761,5.0,4.3
5760,1605513,5.0,4.7
5760,455688,5.0,4.8
5760,123974,5.0,4.7
5799,561636,2.0,2.9
5813,1602339,3.0,3.7
5814,175887,3.0,2.7
5814,2459251,2.0,3.2
5814,1315754,3.0,2.8
5814,349572,3.0,2.6
5814,1770112,4.0,3.1
5814,924960,4.0,3.6
5814,341692,3.0,3.6
5814,436275,3.0,2.9
5814,943538,1.0,2.6
5814,1414159,5.0,3.3
5814,323243,3.0,3.0
5814,393226,1.0,3.5
5814,2147765,4.0,4.1
5814,1093720,3.0,2.8
5814,60326,2.0,2.7
5814,137602,2.0,2.5
5814,2345454,3.0,3.1
5814,2466889,2.0,3.1
5814,1445262,4.0,4.0
5814,475253,4.0,3.6
5814,1555643,4.0,3.9
5814,1632041,4.0,3.9
5814,1633691,3.0,3.3
5814,1144520,4.0,3.5
5897,1553720,3.0,3.2
5897,10374,5.0,3.8
5897,2521402,3.0,3.5
5897,603510,5.0,4.3
5897,2605004,4.0,3.3
5943,2035595,2.0,2.7
5943,2006505,3.0,3.4
5958,1192820,5.0,3.6
5958,990036,3.0,3.6
5958,1176322,4.0,3.5
5963,360830,3.0,3.2
5970,2024389,4.0,3.7
5970,409213,3.0,3.4
6013,145873,4.0,3.8
6014,1286689,3.0,2.8
6066,1900424,3.0,3.6
6085,22842,5.0,3.6
6085,235562,5.0,4.3
6085,2596745,5.0,4.6
6103,2630287,1.0,1.0
6110,1750544,3.0,3.9
6110,1471251,3.0,4.1
6110,1602339,4.0,4.0
6136,1062416,2.0,2.5
6137,807890,3.0,3.0
6172,2478364,5.0,4.2
6190,982690,4.0,3.2
6190,1002524,3.0,3.7
6190,1572273,2.0,3.7
6190,567495,3.0,3.6
6190,1401726,4.0,4.3
6190,1642040,4.0,3.7
6220,1366327,3.0,3.3
6226,399772,4.0,4.4
6230,2220157,3.0,2.9
6234,754082,3.0,3.6
6281,2630287,2.0,3.1
6281,771805,5.0,4.1
6281,2478364,4.0,4.2
6281,1944206,4.0,3.5
6281,2417245,3.0,3.4
6281,1357428,2.0,3.6
6281,2479648,5.0,3.8
6281,1465103,3.0,2.9
6281,2631313,4.0,4.3
6287,2206364,5.0,4.7
6287,36600,3.0,3.3
6287,2269039,5.0,4.1
6287,581893,4.0,4.4
6287,161650,3.0,3.4
6287,269316,5.0,3.5
6287,2204979,4.0,3.7
6287,250618,3.0,3.7
6287,1099918,4.0,3.3
6287,674160,4.0,3.6
6287,1402813,4.0,3.6
6287,1103874,5.0,3.6
6287,712943,2.0,3.0
6287,2077046,4.0,3.9
6287,933642,4.0,4.1
6287,1942527,3.0,4.0
6287,1998465,5.0,3.8
6287,901069,3.0,2.6
6287,2108623,3.0,3.8
6287,2071383,3.0,3.8
6287,371701,4.0,3.0
6287,1795821,1.0,2.8
6287,807592,4.0,3.6
6291,1459323,3.0,3.4
6308,1840149,5.0,4.6
6315,2057826,1.0,2.3
6315,926900,1.0,2.2
6315,514787,5.0,3.7
6336,296153,2.0,3.5
6336,1763197,3.0,3.6
6336,2269039,2.0,3.8
6336,1577811,2.0,3.4
6336,2387369,5.0,3.7
6336,2209351,4.0,4.2
6336,612823,3.0,3.7
6336,1679839,2.0,3.5
6336,1062416,3.0,3.4
6336,1366327,4.0,3.2
6336,998142,2.0,2.8
6347,1107858,3.0,2.6
6347,2352305,2.0,3.0
6347,275803,1.0,3.1
6347,1355003,1.0,2.9
6347,1495976,4.0,3.5
6347,1401726,3.0,3.6
6347,2452157,1.0,2.7
6347,874948,1.0,3.3
6347,1605124,2.0,3.2
6347,442899,3.0,3.7
6389,1732859,5.0,3.6
6408,1189241,4.0,3.6
6408,2179335,5.0,4.0
6408,1837284,4.0,3.5
6408,1143911,5.0,4.3
6408,187896,4.0,3.3
6408,22842,4.0,3.2
6408,1120853,4.0,4.1
6408,558480,5.0,4.2
6408,2396898,4.0,4.3
6408,2059267,5.0,4.1
6408,2174575,5.0,4.1
6408,1568103,4.0,4.1
6408,87118,5.0,3.9
6408,567495,3.0,3.7
6408,1640519,5.0,3.6
6408,310178,3.0,3.8
6408,1029633,4.0,4.2
6408,1662751,5.0,4.3
6408,2405506,5.0,4.6
6408,515313,3.0,3.4
6408,1549632,3.0,3.5
6408,2486182,4.0,3.6
6417,74670,3.0,3.8
6424,596474,5.0,4.2
6482,53521,3.0,3.4
6482,2203834,3.0,3.4
6482,22842,3.0,2.9
6482,1759205,3.0,3.2
6482,1742939,3.0,3.3
6482,596474,4.0,3.5
6482,1194698,1.0,2.9
6482,558480,5.0,3.8
6482,1447591,5.0,3.5
6482,1753201,4.0,3.3
6482,1085488,3.0,3.5
6482,511942,4.0,3.2
6482,969772,4.0,3.4
6482,1767795,5.0,4.1
6482,297269,4.0,3.6
6482,2353376,4.0,3.2
6482,1604357,2.0,3.4
6482,919755,3.0,4.1
6482,331875,3.0,3.6
6482,2060858,3.0,3.0
6482,1781160,2.0,3.4
6482,1465103,2.0,2.5
6482,1664634,4.0,3.2
6482,372239,5.0,3.6
6482,2634967,1.0,1.5
6523,277223,3.0,3.0
6523,379499,3.0,3.0
6523,2152856,4.0,3.7
6523,1780583,3.0,3.0
6536,2176465,2.0,2.0
6556,187896,2.0,3.1
6556,2417245,3.0,3.2
6556,1085488,3.0,3.8
6556,1357428,3.0,3.4
6556,1370564,3.0,2.7
6556,2586810,5.0,4.3
6556,561636,5.0,2.9
6611,1815588,1.0,2.5
6650,1647196,3.0,3.0
6650,761430,5.0,4.6
6666,2213137,3.0,3.0
6666,386467,5.0,3.8
6666,1577811,2.0,3.3
6666,2387463,4.0,3.8
6666,1239496,4.0,3.5
6756,1062351,5.0,4.4
6756,1107858,5.0,3.9
6756,1658790,3.0,3.5
6872,1949220,4.0,3.6
6872,904842,1.0,2.9
6872,990918,3.0,3.5
6872,2452157,3.0,3.4
6872,2019776,3.0,3.3
6911,314110,3.0,4.3
6911,1270901,3.0,3.3
6911,581893,4.0,4.1
6911,2436738,4.0,3.8
6911,2352305,3.0,3.2
6911,2428151,4.0,3.6
6911,1430398,3.0,3.3
6911,1269848,3.0,3.7
6911,2247406,3.0,3.1
6911,159266,5.0,3.5
6911,1581343,2.0,3.0
6911,2204299,5.0,3.6
6911,2130566,5.0,4.1
6911,1244949,4.0,4.1
6911,2556321,5.0,3.9
6911,440499,1.0,3.8
6911,2176465,3.0,2.3
6911,909399,5.0,3.6
6911,930687,4.0,3.4
6911,1662751,5.0,3.9
6911,2177657,3.0,3.3
6911,210595,3.0,3.3
6911,1550207,4.0,2.1
6912,454171,4.0,4.0
6912,561636,4.0,3.0
6917,939439,4.0,3.3
6946,1219858,5.0,3.3
6971,2628220,3.0,4.2
6971,1828311,5.0,4.1
6971,1837284,5.0,3.8
6971,1270901,4.0,3.7
6971,1231889,4.0,3.5
6971,2551112,5.0,4.1
6971,697045,3.0,3.9
6971,1418739,4.0,3.0
6971,1229196,4.0,4.3
6971,1553270,5.0,4.3
6971,815418,3.0,3.2
6971,1365272,5.0,4.2
6971,572037,5.0,3.8
6971,1484825,4.0,3.6
6971,1054433,4.0,2.9
6971,1389127,5.0,4.2
6971,2476470,4.0,3.4
6971,477502,3.0,3.7
6971,1105040,4.0,4.4
6971,1029833,4.0,4.0
6971,412805,4.0,3.8
6988,248932,4.0,3.6
6988,238525,3.0,3.6
6988,1531344,4.0,3.8
6988,223269,1.0,3.0
6988,1451807,2.0,3.5
6988,429045,3.0,3.1
6988,399772,4.0,4.0
6988,2489039,4.0,3.5
7067,2041533,3.0,3.7
7067,2024389,3.0,3.0
7067,2410362,2.0,3.0
7067,1706142,4.0,3.9
7067,525788,4.0,3.7
7067,968001,3.0,2.6
7067,738784,1.0,2.6
7067,1713085,2.0,2.5
7067,962151,4.0,2.3
7067,885386,3.0,3.1
7067,1604525,3.0,2.9
7077,1977959,3.0,2.8
7145,968447,1.0,2.9
7145,2271907,3.0,3.9
7145,1194698,3.0,3.1
7145,2455,4.0,3.5
7145,1460897,4.0,3.4
7145,59742,1.0,3.2
7145,1005185,5.0,4.3
7145,2071383,4.0,3.8
7145,1280311,4.0,3.1
7145,998142,3.0,2.8
7148,2209351,5.0,3.8
7148,2327365,4.0,4.1
7148,973051,5.0,4.0
7186,767492,4.0,3.9
7186,1176322,2.0,3.4
7186,2113709,2.0,3.0
7186,1725453,3.0,3.5
7186,400440,5.0,3.3
7238,1409687,3.0,2.9
7244,1309683,4.0,4.7
7247,772825,5.0,3.3
7257,370583,5.0,4.0
7257,2006505,3.0,3.2
7262,269316,4.0,2.6
7262,1928964,1.0,1.9
7283,242429,4.0,4.1
7400,480567,4.0,4.1
7406,2459251,3.0,3.7
7406,373557,4.0,3.4
7406,2444710,4.0,3.4
7406,2262258,4.0,3.3
7406,1739597,4.0,3.5
7406,1546186,3.0,3.4
7406,1596727,3.0,3.9
7406,1293893,4.0,3.5
7445,2588755,4.0,4.0
7495,2397914,3.0,3.6
7511,771805,4.0,4.0
7511,1805679,2.0,3.7
7511,100415,3.0,3.2
7511,2057826,4.0,3.3
7511,485083,4.0,3.4
7511,727646,5.0,3.5
7511,1602339,5.0,3.6
7511,354885,5.0,3.4
7511,1385823,3.0,3.7
7511,1035300,4.0,3.4
7511,1832599,3.0,3.6
7511,1116031,3.0,2.9
7511,1581343,2.0,3.0
7511,1806407,4.0,3.4
7511,1288391,5.0,3.7
7511,2585062,5.0,3.9
7511,2019776,3.0,3.2
7511,1156180,4.0,4.0
7511,2000906,4.0,3.3
7511,1583194,3.0,3.3
7511,482590,4.0,3.6
7511,2197603,4.0,3.6
7511,561636,3.0,2.7
7511,2066198,3.0,3.1
7517,2478364,4.0,3.9
7517,628118,3.0,3.5
7517,1602339,4.0,3.6
7517,1385823,3.0,3.6
7517,1832599,5.0,3.7
7517,1342657,5.0,3.4
7517,1243335,4.0,3.3
7517,1697595,4.0,4.4
7517,1580943,4.0,3.5
7524,1382766,2.0,2.8
7544,173301,3.0,3.3
7544,2079036,2.0,3.2
7544,1832599,3.0,3.3
7544,2395970,4.0,3.6
7544,2300352,2.0,3.0
7544,25435,2.0,2.5
7544,1550207,4.0,1.8
7569,2455340,3.0,3.5
7571,2099780,2.0,2.5
7571,1739597,2.0,3.4
7577,926900,4.0,3.5
7607,2113709,3.0,2.7
7625,477502,5.0,4.3
7736,1380506,4.0,4.1
7776,2135038,4.0,2.8
7812,1969285,3.0,4.4
7812,249977,4.0,4.0
7899,2630287,3.0,2.5
7899,2459251,3.0,2.8
7899,2461508,3.0,3.0
7899,1969285,2.0,3.2
7899,1149566,2.0,2.8
7899,2416829,4.0,3.3
7899,375199,4.0,3.5
7906,1484825,4.0,3.6
7919,2185187,5.0,3.0
7919,404602,4.0,3.8
7973,2204299,5.0,3.7
7991,1750544,4.0,3.2
7991,24600,2.0,3.0
7991,1753201,3.0,3.0
7991,674160,2.0,3.1
7991,801513,2.0,3.2
7991,500840,3.0,3.8
7991,95146,3.0,2.5
7991,204504,5.0,4.3
7991,2605004,2.0,3.5
7991,442899,3.0,3.5
8029,2024389,3.0,3.9
8029,23808,5.0,3.8
8039,1326994,3.0,3.3
8051,924960,2.0,3.7
8051,2136927,3.0,2.8
8051,1640546,3.0,2.2
8052,1672380,3.0,2.5
8107,1794216,3.0,3.5
8107,844748,4.0,3.8
8107,2247785,3.0,3.5
8107,2436738,4.0,4.2
8107,1062852,4.0,3.9
8107,926900,2.0,3.3
8107,2327365,5.0,4.2
8107,1448838,2.0,3.4
8107,2304298,2.0,3.8
8107,551176,3.0,3.5
8107,885386,4.0,3.8
8107,2564796,5.0,4.5
8107,284970,5.0,4.3
8107,1029833,2.0,3.7
8107,1316400,4.0,3.5
8107,1270980,4.0,3.8
8107,123974,5.0,4.1
8163,1791124,2.0,3.0
8163,2473448,2.0,3.0
8163,58399,4.0,3.5
8163,2200358,3.0,3.0
8166,1370564,3.0,2.5
8166,1298126,3.0,4.0
8307,204439,4.0,3.6
8307,2176465,1.0,2.1
8354,926900,4.0,3.6
8354,2496874,5.0,4.2
8354,2455567,4.0,4.0
8354,1126892,5.0,3.8
8354,68056,5.0,4.7
8354,1455309,5.0,4.2
8384,2436738,2.0,3.4
8384,1062450,4.0,3.8
8384,1739597,3.0,2.9
8384,575399,4.0,3.9
8384,2122411,3.0,3.0
8384,2191650,1.0,3.5
8428,1840149,4.0,4.5
8428,1370564,4.0,2.9
8428,2052563,3.0,3.6
8448,2602249,2.0,2.6
8493,926900,2.0,3.1
8493,1447591,3.0,3.7
8493,2204299,4.0,3.8
8493,2275574,4.0,3.3
8493,267780,3.0,2.9
8512,2611449,4.0,3.9
8512,2417245,2.0,3.2
8512,578896,3.0,3.8
8512,1102208,4.0,3.9
8512,933082,4.0,2.8
8512,1713085,3.0,3.1
8512,836711,4.0,3.7
8512,2283319,2.0,3.5
8512,2399478,4.0,3.7
8512,210595,2.0,3.3
8526,2179335,5.0,4.3
8526,867192,4.0,4.1
8526,2455,4.0,3.8
8526,1779681,4.0,3.5
8526,1293893,3.0,3.8
8596,2628220,5.0,4.2
8596,2137489,5.0,4.7
8596,1143911,4.0,4.6
8596,2269039,5.0,4.4
8596,2024602,5.0,4.4
8596,363170,4.0,4.4
8596,79408,3.0,3.6
8596,152405,3.0,3.4
8596,987299,5.0,4.1
8596,1372889,5.0,4.5
8596,603510,5.0,4.9
8596,2061180,3.0,3.8
8596,1943479,4.0,4.2
8596,1355912,3.0,4.2
8596,2188443,4.0,3.6
8596,492513,5.0,3.7
8596,1702473,4.0,4.0
8596,2197603,4.0,4.1
8596,2052563,3.0,3.9
8654,187896,3.0,3.8
8654,2607224,4.0,3.3
8654,2557067,3.0,4.0
8677,2556008,3.0,3.5
8677,959714,3.0,4.4
8677,1640123,5.0,3.7
8677,2427632,4.0,3.7
8677,926900,3.0,3.4
8677,1176322,4.0,3.5
8677,1210935,3.0,3.4
8677,613121,4.0,4.3
8699,2253274,3.0,3.3
8699,1332183,5.0,4.4
8703,1640123,1.0,3.5
8770,1176322,4.0,3.3
8781,1757328,4.0,3.5
8825,2589198,5.0,2.6
8849,296153,2.0,3.4
8849,477502,5.0,3.5
8851,2648287,4.0,3.5
8851,1159580,4.0,3.8
8851,596474,4.0,3.7
8851,24600,5.0,3.5
8851,2335640,3.0,2.8
8851,1731259,4.0,3.6
8851,1743381,2.0,3.3
8851,1886809,5.0,3.8
8851,2247406,3.0,3.0
8851,437921,5.0,3.6
8851,439926,3.0,3.2
8851,1355003,3.0,3.6
8851,2605948,4.0,3.6
8851,1126892,4.0,3.6
8851,409310,4.0,3.8
8851,98388,4.0,3.9
8851,2066198,3.0,3.2
8867,1697595,4.0,3.9
8889,1732859,5.0,2.2
8915,2303885,5.0,5.0
8915,2436738,4.0,4.4
8915,2457851,4.0,3.9
8915,1829594,3.0,3.7
8915,2185396,4.0,3.8
8915,1342657,3.0,3.7
8915,297269,4.0,4.1
8915,1743381,3.0,3.6
8915,687235,5.0,3.8
8915,1988375,4.0,3.6
8915,1706235,5.0,4.0
8915,761197,5.0,3.7
8915,2200358,3.0,3.7
8915,2499000,5.0,3.4
8915,1718987,5.0,3.8
8915,1493439,4.0,4.0
8915,575399,5.0,4.7
8915,1638987,4.0,4.3
8915,136381,5.0,3.8
8915,455688,4.0,4.2
8915,1401726,4.0,4.5
8915,1019912,5.0,3.9
8915,43489,5.0,4.1
8915,1437964,5.0,4.3
8915,1795821,2.0,3.3
8915,1633691,5.0,4.2
8915,2631313,3.0,4.5
8920,1444657,2.0,2.2
8977,990918,4.0,3.6
9028,921528,3.0,3.5
9028,872408,2.0,2.8
9043,360830,3.0,2.7
9043,2050128,5.0,4.0
9043,161223,2.0,2.9
9043,235562,3.0,3.6
9043,2059267,4.0,3.7
9043,1902140,3.0,3.9
9043,2561741,4.0,3.8
9043,1996154,4.0,3.5
9043,2591450,4.0,4.0
9043,1638987,4.0,3.8
9043,1029633,4.0,4.0
9043,956271,3.0,3.3
9043,1139218,2.0,3.6
9043,1929292,2.0,3.4
9043,492513,3.0,3.1
9043,1692938,4.0,4.0
9043,1834123,3.0,3.7
9043,2462751,3.0,3.6
9043,2405506,5.0,4.2
9043,390751,1.0,3.1
9043,542751,5.0,3.5
9087,956874,2.0,2.9
9087,2247785,3.0,3.0
9087,2557067,3.0,2.7
9131,296153,3.0,3.7
9131,1837284,3.0,2.9
9131,930538,3.0,3.8
9131,860647,3.0,3.0
9131,2315626,3.0,3.3
9131,933642,4.0,3.5
9131,930687,4.0,3.1
9131,1339354,3.0,3.3
9230,1061353,3.0,2.8
9237,654043,5.0,3.8
9256,1338297,5.0,4.2
9310,1062804,5.0,3.3
9310,990918,4.0,3.5
9337,1025888,4.0,3.9
9401,2176465,1.0,1.0
9421,1574264,4.0,3.2
9481,1101043,4.0,3.6
9481,2361520,4.0,4.0
9481,2320879,4.0,4.3
9481,500840,4.0,4.4
9481,2209351,4.0,4.4
9481,1572273,4.0,3.6
9481,2315626,3.0,3.3
9481,1099404,5.0,3.2
9481,672349,3.0,3.7
9481,508323,4.0,4.3
9481,2059635,4.0,3.5
9481,477502,4.0,3.7
9481,2071383,2.0,4.0
9481,1795821,3.0,3.2
9481,180278,4.0,3.9
9517,835847,4.0,3.1
9517,1062852,4.0,3.4
9517,1249433,1.0,2.5
9517,2204299,4.0,3.5
9517,1885422,3.0,3.4
9517,2545730,4.0,3.4
9517,1682916,4.0,3.6
9518,1574264,2.0,2.7
9518,1303158,1.0,2.9
9518,649226,1.0,2.6
9518,973051,2.0,3.5
9528,984815,4.0,4.3
9528,1460897,5.0,4.0
9528,1385823,3.0,4.3
9528,933642,2.0,4.2
9528,1099404,3.0,3.3
9528,2188443,3.0,3.8
9528,2041854,5.0,5.0
9528,2502098,4.0,4.1
9528,1249773,4.0,4.3
9567,613121,5.0,4.2
9617,69183,5.0,3.6
9617,1286689,4.0,3.2
9617,2247785,1.0,3.1
9617,87360,3.0,3.7
9617,1706142,3.0,4.0
9617,1120853,3.0,3.7
9617,1418739,1.0,2.4
9617,2561741,4.0,3.9
9617,894055,3.0,3.2
9617,2580792,2.0,2.6
9617,743093,5.0,3.5
9617,137602,2.0,2.7
9617,12798,3.0,3.1
9617,2300352,4.0,3.2
9617,2041854,4.0,4.1
9617,1459323,3.0,3.7
9617,770339,3.0,2.9
9629,956271,3.0,3.4
9640,2449001,3.0,4.2
9681,1900118,4.0,3.9
9681,2213137,4.0,3.4
9681,894055,5.0,3.6
9681,1596727,5.0,4.2
9681,872408,4.0,3.2
9681,1984813,5.0,3.5
9689,1837284,3.0,3.7
9689,222553,4.0,4.2
9689,1412189,5.0,3.5
9689,376730,5.0,3.6
9689,2274163,5.0,4.7
9689,2182331,4.0,3.9
9689,1062450,5.0,4.5
9689,1811650,5.0,3.8
9689,256348,5.0,4.3
9689,1816521,5.0,4.1
9689,872408,2.0,3.3
9689,1822231,4.0,4.1
9689,2303773,3.0,3.5
9689,807592,3.0,3.8
9699,1303158,5.0,3.6
9701,2137112,4.0,3.3
9728,2602249,3.0,3.3
9728,1574264,5.0,4.0
9728,1540127,4.0,3.4
9728,2024389,4.0,3.7
9728,1575334,3.0,3.4
9728,56790,4.0,3.7
9728,1551094,4.0,4.2
9728,2188505,4.0,3.9
9728,2038196,5.0,3.9
9728,1767795,5.0,4.4
9728,1040259,3.0,4.0
9728,456445,2.0,4.0
9728,801513,3.0,3.5
9728,2113709,4.0,3.3
9728,1048813,3.0,3.2
9728,1314399,1.0,4.0
9728,830607,4.0,3.9
9728,2300352,3.0,3.5
9728,31503,3.0,4.0
9728,1799090,4.0,3.9
9728,23808,3.0,4.1
9728,740495,2.0,3.8
9747,349572,5.0,2.9
9747,2283319,4.0,3.4
9798,1837284,1.0,3.1
9798,2024602,4.0,3.7
9798,2182331,4.0,3.4
9798,704069,5.0,4.2
9798,500840,4.0,4.0
9798,2077046,3.0,3.6
9798,409213,3.0,3.2
9798,1718987,4.0,3.2
9798,2071383,3.0,3.7
9798,1228562,3.0,3.6
9805,58802,4.0,3.6
9805,2152856,3.0,3.7
9805,2416829,4.0,3.8
9805,2061180,3.0,3.4
9805,508323,5.0,4.3
9805,78922,4.0,4.3
9824,1370564,1.0,2.5
9824,68056,5.0,3.5
9875,712943,4.0,2.5
9946,1899746,4.0,4.2
9946,99865,5.0,4.0
9946,1104107,5.0,4.0
9946,2106970,5.0,4.1
9946,1718987,5.0,3.8
9946,1913186,5.0,4.4
9946,2176465,1.0,2.9
9997,1832780,3.0,3.9
10019,2137112,4.0,3.3
10019,1311570,5.0,3.4
10019,3604,4.0,3.5
10019,2060858,5.0,3.3
10019,2176465,1.0,2.4
10024,2459251,4.0,3.4
10024,2618990,4.0,3.7
10080,924960,4.0,4.4
10080,1234163,5.0,4.1
10080,987299,5.0,4.3
10080,761430,5.0,4.9
10082,16386,3.0,2.3
10082,2387707,3.0,2.1
10082,1713085,2.0,2.1
10082,1029833,3.0,2.5
10082,834896,1.0,2.7
10100,969879,2.0,1.7
10100,2344564,3.0,3.2
10100,400440,3.0,2.7
10109,532948,3.0,2.9
10109,2361520,2.0,3.0
10109,1606520,3.0,2.5
10109,142909,3.0,3.2
10109,1806407,3.0,2.7
10109,1580943,5.0,3.3
10109,400440,1.0,2.6
10109,1913186,3.0,3.3
10109,425238,3.0,3.4
10194,2634967,1.0,1.3
10255,2554379,3.0,3.4
10255,2410362,5.0,4.1
10255,2289798,5.0,3.6
10255,2353376,3.0,3.8
10255,1170144,5.0,3.8
10255,2294868,4.0,3.5
10255,2466957,5.0,3.7
10255,1437964,5.0,4.2
10255,1682531,5.0,4.4
10284,1008097,2.0,2.4
10428,2618990,4.0,4.1
10428,1568735,3.0,4.0
10428,1873315,4.0,3.9
10428,2252912,4.0,3.7
10428,801513,3.0,3.4
10428,2327365,5.0,4.3
10428,1314399,5.0,3.8
10428,956271,4.0,3.6
10428,267780,2.0,3.0
10428,1658790,4.0,3.5
10429,2127722,5.0,3.7
10429,2461508,4.0,3.4
10429,2220157,3.0,3.0
10429,1862392,2.0,3.1
10429,1540127,3.0,2.7
10429,523720,5.0,4.6
10429,67749,1.0,2.8
10429,771837,4.0,3.3
10429,456445,3.0,3.3
10429,628307,5.0,3.6
10429,738784,2.0,2.9
10429,500840,3.0,3.7
10429,913920,2.0,3.4
10429,2204299,3.0,3.3
10429,1395584,5.0,4.1
10429,201405,1.0,3.0
10429,1935714,4.0,3.9
10429,475253,4.0,3.8
10429,1401726,5.0,3.9
10429,145873,4.0,3.8
10429,371701,2.0,2.4
10561,12876,5.0,4.9
10561,449967,4.0,3.5
10576,1231889,5.0,3.5
10576,1054433,1.0,2.7
10662,990036,4.0,3.7
10662,297269,4.0,4.3
10662,1154184,3.0,3.9
10662,1091467,4.0,4.1
10662,2060858,4.0,3.7
10712,279960,3.0,3.1
10712,1970922,5.0,4.0
10712,1247465,4.0,4.6
10712,1456866,4.0,3.8
10712,1316400,3.0,2.8
10712,1664634,3.0,2.8
10721,1242044,3.0,3.2
10721,532948,4.0,3.1
10721,227280,2.0,3.2
10721,140498,3.0,2.8
10721,158086,3.0,2.7
10733,294155,2.0,3.3
10733,1192820,4.0,3.5
10734,1672380,3.0,3.4
10734,349572,4.0,3.3
10734,1085488,4.0,4.0
10734,379499,4.0,3.5
10734,2463816,4.0,3.4
10734,87118,5.0,3.8
10734,1713085,4.0,3.4
10734,1617710,4.0,3.8
10734,1029633,5.0,4.4
10734,2589198,4.0,2.5
10734,1455309,4.0,4.3
10747,532948,4.0,3.8
10747,1062351,3.0,3.9
10747,1583937,2.0,3.7
10747,2473448,3.0,3.3
10747,1269848,4.0,3.9
10747,400440,3.0,3.5
10747,201405,3.0,3.3
10747,371701,3.0,2.7
10747,326502,4.0,4.2
10747,2634967,4.0,1.8
10750,823802,5.0,3.5
10774,2433847,4.0,3.9
10774,2185187,4.0,3.0
10774,100415,5.0,3.6
10774,2400635,5.0,4.0
10774,1763197,4.0,3.8
10774,921080,3.0,3.6
10774,2554379,1.0,3.4
10774,2428151,5.0,4.1
10774,1523477,5.0,4.2
10774,1099801,3.0,3.7
10774,1955660,3.0,3.6
10774,249977,3.0,3.9
10774,58399,3.0,4.0
10774,1355003,5.0,3.9
10774,2060858,4.0,3.5
10774,172102,5.0,3.5
10774,1885422,3.0,4.0
10774,1799090,3.0,3.7
10792,1387497,4.0,4.1
10810,1281487,5.0,4.3
10835,1574264,4.0,3.4
10835,2138216,3.0,3.8
10835,436275,4.0,2.8
10835,1940080,5.0,4.4
10835,601868,3.0,3.1
10835,2305583,4.0,3.5
10835,1372889,3.0,3.7
10835,425238,3.0,3.6
10835,1860613,3.0,3.4
10835,326502,4.0,3.8
10836,1010964,5.0,4.8
10836,400440,3.0,3.1
10846,1380506,2.0,3.6
10846,1317259,4.0,3.5
10846,1596727,3.0,3.9
10846,400440,1.0,3.3
10846,2545730,3.0,3.4
10851,2596745,5.0,4.4
10851,439926,4.0,3.5
10889,16386,4.0,3.1
10889,1944206,3.0,3.2
10889,1640546,3.0,2.6
10889,347827,3.0,3.6
10889,1767795,3.0,4.1
10889,2113709,3.0,2.8
10889,1336875,3.0,3.2
10889,1806407,3.0,3.3
10889,933642,4.0,3.7
10889,400440,3.0,3.2
10889,2071383,3.0,3.6
10889,2500594,3.0,3.3
10889,2000906,4.0,3.2
10889,2065242,5.0,3.5
10903,2271907,5.0,4.2
10921,1757328,3.0,3.2
10921,2174688,2.0,2.2
10921,1940080,4.0,4.5
10921,2113709,1.0,2.4
10921,196698,4.0,3.1
10921,58399,2.0,3.1
10921,830607,3.0,3.0
10921,2294868,2.0,2.9
10921,2502098,3.0,2.9
10947,823802,5.0,4.4
10947,1174541,5.0,4.0
10947,2363109,5.0,4.4
10947,1595693,5.0,4.2
10947,2176465,3.0,3.1
10947,1309683,5.0,4.4
10947,215911,4.0,3.9
10947,1846106,4.0,4.4
10947,740495,4.0,4.1
10947,680324,5.0,4.2
10947,2066198,4.0,3.8
10947,2631313,5.0,4.9
11007,1690371,4.0,3.2
11076,1574264,3.0,3.0
11080,449967,3.0,2.9
11080,1317259,1.0,3.0
11080,2432658,3.0,3.0
11080,485083,4.0,2.8
11080,1370564,4.0,2.5
11080,2394802,3.0,3.6
11088,2483306,5.0,4.6
11088,770339,2.0,3.5
11124,2072798,5.0,4.3
11158,2605004,2.0,3.7
11182,867192,4.0,4.0
11182,1079746,3.0,2.7
11182,2303885,4.0,4.9
11182,1551094,3.0,3.9
11182,275803,4.0,3.9
11182,1840149,4.0,4.5
11182,442276,3.0,3.1
11182,196698,4.0,3.8
11182,840996,4.0,3.2
11182,860647,4.0,3.3
11182,1640519,5.0,3.3
11182,257923,5.0,3.9
11182,370222,2.0,3.7
11182,1316915,1.0,3.3
11182,2141681,3.0,3.4
11182,2287699,3.0,3.1
11182,993035,4.0,3.1
11182,2177657,3.0,3.4
11213,2079036,4.0,3.4
11213,1955660,2.0,3.0
11213,612823,3.0,3.5
11213,1599161,4.0,3.6
11213,575399,3.0,4.2
11236,823802,5.0,3.9
11236,965050,5.0,4.0
11236,2561741,5.0,4.3
11236,2077046,4.0,4.0
11236,2644945,5.0,3.8
11261,449597,4.0,3.7
11261,712361,2.0,3.3
11286,3604,2.0,3.2
11292,1284186,2.0,3.4
11292,1546186,5.0,3.6
11292,853459,4.0,4.2
11307,2478364,3.0,4.3
11307,373557,4.0,3.5
11307,106933,3.0,3.6
11307,2545709,3.0,4.1
11340,2024602,3.0,3.3
11340,2335640,2.0,2.1
11340,2012675,3.0,3.0
11340,1831361,3.0,2.8
11340,2634967,1.0,1.1
11340,1550207,1.0,1.4
11347,2442680,3.0,3.0
11347,1194698,3.0,2.7
11347,2209351,4.0,3.7
11347,1247465,4.0,4.6
11347,1062804,3.0,2.8
11347,946972,2.0,3.0
11347,1937187,3.0,3.0
11376,1267500,3.0,3.3
11376,1109553,3.0,2.5
11376,2483306,3.0,3.4
11376,872408,2.0,2.3
11376,736652,1.0,3.2
11391,649226,3.0,4.6
11442,1194698,2.0,2.9
11442,275803,4.0,3.7
11442,2165012,3.0,3.4
11442,2036752,3.0,2.7
11496,956874,3.0,2.6
11496,823802,3.0,2.9
11496,2188505,3.0,3.0
11496,1176322,2.0,2.9
11496,815418,4.0,2.7
11496,2077046,3.0,3.2
11511,2247785,1.0,3.4
11511,2140945,5.0,4.1
11563,1988375,1.0,2.5
11613,267088,3.0,3.5
11613,222553,5.0,4.0
11613,161223,1.0,3.1
11613,1326994,5.0,3.1
11613,249241,4.0,3.4
11614,1194698,3.0,3.0
11614,1176322,4.0,3.4
11638,345793,3.0,3.5
11638,596474,5.0,3.7
11638,2455340,3.0,2.5
11638,1040414,4.0,4.4
11638,659029,4.0,3.2
11638,1498538,4.0,3.2
11638,436275,4.0,3.3
11638,761926,5.0,3.8
11638,628118,3.0,3.8
11638,354885,1.0,3.2
11638,1336875,4.0,3.5
11638,840996,2.0,3.3
11638,1783376,5.0,3.5
11638,933642,3.0,3.9
11638,137602,4.0,2.9
11638,1632041,4.0,4.4
11638,39811,3.0,3.4
11638,542751,4.0,3.7
11651,2177165,4.0,3.5
11651,1725453,3.0,3.6
11651,2387463,4.0,3.8
11651,1662751,3.0,4.0
11673,360830,3.0,2.6
11673,513501,5.0,4.0
11673,1531344,4.0,3.6
11673,1874187,4.0,3.3
11673,1062852,3.0,3.4
11673,305632,3.0,3.5
11673,2059267,4.0,3.5
11673,347827,4.0,3.5
11673,1104107,1.0,3.2
11673,1811650,5.0,3.9
11673,1029833,3.0,3.3
11690,581893,4.0,3.3
11732,1266847,3.0,3.7
11732,1753201,4.0,3.1
11732,815418,3.0,2.8
11732,2275574,5.0,3.2
11775,1242044,3.0,3.2
11775,2041854,4.0,4.0
11775,803287,4.0,3.6
11812,1316174,1.0,4.3
11812,1664146,4.0,3.9
11812,2618990,4.0,4.1
11812,2455340,3.0,3.0
11812,883136,2.0,3.6
11812,1460897,3.0,4.0
11812,1430398,3.0,3.9
11812,2542703,5.0,4.2
11812,1767795,4.0,4.6
11812,2416829,5.0,4.2
11812,738804,5.0,4.6
11812,2209351,4.0,4.7
11812,1372889,5.0,4.5
11812,1713085,3.0,3.8
11812,885386,5.0,4.3
11812,1935714,5.0,4.5
11812,876005,4.0,4.3
11812,1555643,5.0,4.7
11812,326502,5.0,4.5
11812,834896,5.0,3.7
11829,782528,3.0,3.0
11829,1568103,4.0,4.0
11829,738804,4.0,4.1
11829,2204299,5.0,3.7
11829,1816521,5.0,3.8
11837,1451183,3.0,2.7
11837,1241706,3.0,3.6
11837,2436738,4.0,3.7
11837,269316,4.0,3.0
11837,1192820,4.0,2.9
11837,2353376,4.0,3.0
11837,811104,4.0,3.2
11837,761197,3.0,3.4
11837,2394802,2.0,3.6
11837,2605004,3.0,3.5
11837,2564796,4.0,3.7
11837,2294868,3.0,3.2
11837,836711,3.0,3.7
11837,2502098,3.0,3.0
11837,267780,3.0,2.8
11837,1025888,3.0,3.4
11884,904842,3.0,2.7
11884,2387463,5.0,4.5
11884,2069625,2.0,3.6
11887,2269039,3.0,3.6
11888,2381246,2.0,4.0
11888,959714,5.0,4.1
11888,2361520,4.0,4.1
11888,1664146,3.0,3.6
11888,294155,3.0,3.6
11888,1527713,4.0,3.5
11888,2179859,4.0,3.3
11888,69090,3.0,3.0
11888,1460897,3.0,3.6
11888,1035300,4.0,3.4
11888,1402813,3.0,3.7
11888,1709076,3.0,4.0
11888,2496874,5.0,3.8
11888,2209351,4.0,4.4
11888,743076,3.0,3.4
11888,1370564,3.0,3.1
11888,2130756,5.0,4.1
11888,2628462,5.0,4.3
11888,1099404,3.0,3.1
11888,1316915,4.0,3.4
11888,1208836,3.0,3.4
11888,2191650,4.0,4.3
11888,909399,3.0,4.0
11888,872408,3.0,3.1
11888,145873,5.0,4.4
11908,373557,2.0,2.6
12125,1194698,5.0,4.0
12184,373557,5.0,4.1
12184,1873315,4.0,4.3
12184,1365272,4.0,4.3
12184,437921,5.0,4.1
12184,1401726,4.0,4.7
12184,584100,4.0,4.4
12184,740495,5.0,4.0
12232,966255,2.0,3.5
12232,238525,3.0,3.8
12232,1899746,1.0,3.8
12232,2320879,2.0,4.1
12232,74670,2.0,3.2
12232,2410362,5.0,3.8
12232,2607224,2.0,3.0
12232,1706142,1.0,4.4
12232,2291422,2.0,3.4
12232,1151752,5.0,3.8
12232,1209122,1.0,4.1
12232,2636046,1.0,3.1
12232,2484639,2.0,3.6
12232,2473448,3.0,3.1
12232,347827,3.0,3.7
12232,704069,4.0,4.0
12232,949667,3.0,3.5
12232,2209351,5.0,4.2
12232,1806407,2.0,3.5
12232,1617710,3.0,3.5
12232,600724,5.0,4.5
12232,399772,5.0,4.2
12232,1784946,2.0,3.6
12232,1605513,5.0,3.9
12232,2386179,5.0,3.0
12232,1926928,4.0,3.8
12232,215911,2.0,3.2
12232,1834123,4.0,3.9
12232,1025888,3.0,3.6
12232,372239,4.0,3.9
12243,2461508,3.0,3.3
12243,449967,4.0,3.1
12243,100415,3.0,2.9
12243,1267586,4.0,3.7
12243,659029,5.0,3.0
12243,2291422,3.0,3.1
12243,2262258,3.0,3.1
12243,511942,3.0,3.1
12243,249977,2.0,3.1
12243,612823,3.0,3.3
12243,106933,3.0,3.2
12243,1239496,4.0,3.1
12246,1977959,4.0,3.6
12246,1267500,4.0,3.7
12246,1061353,3.0,3.2
12246,100415,4.0,3.5
12246,2427632,3.0,3.6
12246,1412189,4.0,3.3
12246,2252912,3.0,3.9
12246,2240010,3.0,3.5
12246,2113709,4.0,3.3
12246,2353376,2.0,3.6
12246,687235,3.0,3.6
12246,87118,4.0,3.8
12275,1531344,4.0,3.5
12275,1443700,3.0,3.4
12275,2335640,2.0,2.4
12275,1508328,4.0,3.0
12280,1107860,5.0,3.9
12280,782528,3.0,3.2
12280,1802288,5.0,3.3
12280,379499,4.0,3.4
12280,2182331,4.0,3.7
12280,2006505,3.0,3.5
12280,721036,4.0,3.7
12280,894055,2.0,3.5
12280,2014280,5.0,3.8
12280,1665685,4.0,3.7
12280,1311777,4.0,3.8
12280,1293893,4.0,3.7
12280,1276059,4.0,3.7
12292,1832780,4.0,4.3
12292,1182702,3.0,3.8
12292,1775740,3.0,3.1
12293,1101043,5.0,4.4
12293,1241706,5.0,4.9
12293,1874187,4.0,2.9
12293,969879,4.0,3.3
12293,363170,5.0,4.8
12293,1498538,4.0,3.9
12293,1522119,5.0,4.0
12293,275803,5.0,4.8
12293,1753201,5.0,3.7
12293,1577811,5.0,4.2
12293,1342657,5.0,4.2
12293,2542703,5.0,4.6
12293,1040259,5.0,4.4
12293,323243,3.0,3.3
12293,721036,5.0,4.3
12293,1996154,5.0,4.3
12293,1706235,5.0,4.6
12293,1395584,4.0,4.6
12293,1757056,4.0,4.7
12293,584100,5.0,4.2
12293,2165012,5.0,4.3
12293,1682531,5.0,4.9
12293,1298126,5.0,4.9
12293,2036752,5.0,3.8
12336,41724,3.0,3.0
12336,275803,5.0,3.8
12336,2014280,2.0,3.3
12336,2188443,3.0,3.2
12336,326502,3.0,4.0
12355,2433847,3.0,3.0
12355,2498359,3.0,3.4
12355,921528,3.0,3.1
12355,369756,2.0,2.7
12355,142909,4.0,3.2
12355,943538,4.0,2.6
12355,2203568,4.0,2.1
12355,743076,1.0,2.7
12355,836261,4.0,3.6
12355,1475817,3.0,2.9
12355,2509533,5.0,3.4
12355,1638987,3.0,3.3
12355,1688176,3.0,3.1
12355,2479648,3.0,3.1
12355,1465103,2.0,2.1
12355,1222903,2.0,3.3
12355,123974,3.0,3.4
12355,1152342,3.0,2.8
12391,1155543,5.0,4.4
12423,1604357,3.0,3.2
12452,1940080,4.0,4.2
12482,2416829,5.0,3.9
12497,248932,3.0,3.4
12497,449967,4.0,3.1
12497,67749,2.0,2.9
12497,2138216,4.0,3.9
12497,1922607,2.0,3.5
12497,2310027,5.0,3.2
12497,2012675,3.0,3.3
12497,1972488,3.0,2.6
12497,2589198,5.0,2.3
12497,2176465,4.0,2.2
12497,329653,5.0,4.2
12497,1029833,3.0,3.3
12497,1332183,4.0,3.9
12497,1222903,3.0,3.6
12497,412805,4.0,3.6
12538,1209343,2.0,3.3
12634,2455567,3.0,2.5
12634,1784946,3.0,5.0
12639,1892661,5.0,4.0
12639,901720,4.0,3.8
12639,2387463,4.0,4.0
12639,390751,3.0,3.4
12661,99865,3.0,3.4
12661,1815588,5.0,2.8
12661,1460897,3.0,3.2
12661,1757328,3.0,3.5
12661,1602339,5.0,3.5
12661,1553270,4.0,4.0
12661,2153837,3.0,3.6
12661,743076,3.0,3.0
12661,2387463,4.0,3.8
12661,151871,4.0,3.3
12661,1475817,3.0,3.2
12661,1493439,2.0,3.5
12661,2122411,3.0,3.3
12661,1926928,4.0,3.6
12661,2429513,2.0,2.9
12661,371701,2.0,2.5
12661,2634967,4.0,1.5
12679,1763197,4.0,3.1
12679,844963,3.0,2.9
12682,1944206,2.0,2.7
12682,78922,4.0,3.8
12695,2416829,5.0,3.0
12760,1107858,4.0,3.4
12778,187896,3.0,3.3
12778,288334,4.0,4.0
12778,1874187,3.0,3.3
12778,2376121,4.0,3.7
12778,1444657,3.0,2.8
12778,2174575,3.0,3.9
12778,1695443,3.0,2.9
12778,2209351,5.0,4.3
12778,829401,2.0,4.0
12778,409213,3.0,3.5
12778,2644945,5.0,3.7
12778,1785017,4.0,3.2
12778,1189286,4.0,3.9
12778,2386179,5.0,3.1
12778,1353284,4.0,3.7
12778,1692938,4.0,4.3
12778,145873,4.0,4.4
12778,998142,3.0,2.9
12778,1583194,3.0,3.6
12793,1267586,4.0,3.9
12793,1445262,5.0,4.6
12793,7134,5.0,3.8
12798,386467,2.0,3.6
12798,511942,4.0,2.9
12798,371701,3.0,2.1
12822,1977959,4.0,3.9
12824,844748,3.0,3.7
12852,399772,5.0,3.9
12855,69183,2.0,4.0
12863,1546749,2.0,2.4
12875,1035300,4.0,3.4
12894,223803,4.0,3.7
12894,1402813,5.0,3.5
12894,2204299,3.0,3.7
12894,962151,5.0,3.1
12894,2283319,3.0,3.5
12894,1773695,2.0,3.7
12894,2399478,3.0,3.8
12894,770339,3.0,3.0
12948,1679839,2.0,3.5
13015,2300972,3.0,3.7
13015,1764247,4.0,3.7
13015,1124163,3.0,3.3
13015,22842,3.0,3.3
13015,277223,3.0,3.3
13015,2421852,3.0,3.8
13015,2481718,4.0,4.4
13015,2204979,4.0,4.0
13015,2363109,3.0,4.1
13015,442276,4.0,3.5
13015,2209351,5.0,4.5
13015,257923,3.0,4.2
13015,371701,2.0,3.1
13015,738437,4.0,3.8
13055,1862392,4.0,4.1
13055,2152856,5.0,3.7
13107,2038196,4.0,4.0
13107,1414159,5.0,4.2
13107,2110213,2.0,3.4
13186,1568735,4.0,4.4
13242,1815588,1.0,3.0
13242,1632041,4.0,4.0
13270,360830,3.0,3.1
13270,2108623,3.0,4.0
13288,844748,3.0,3.0
13288,2636145,4.0,2.7
13288,371701,2.0,2.1
13298,279960,2.0,3.4
13298,536065,3.0,3.4
13298,1317259,4.0,3.3
13298,2024602,4.0,3.8
13298,984815,4.0,3.6
13298,529685,4.0,3.4
13298,969772,4.0,3.3
13298,1177848,4.0,3.3
13298,1269848,4.0,3.5
13298,2019921,4.0,4.2
13298,257923,5.0,3.8
13298,264739,3.0,3.4
13298,1484825,1.0,3.1
13298,1837942,3.0,3.1
13298,2253274,1.0,3.0
13298,998142,3.0,2.6
13298,2000906,4.0,3.0
13298,1249773,5.0,3.6
13326,1977959,5.0,3.5
13326,370583,4.0,3.9
13326,235562,5.0,4.0
13326,1355003,5.0,3.7
13326,423167,4.0,3.3
13328,811104,3.0,3.5
13334,2634967,1.0,1.7
13360,1840149,5.0,4.2
13451,1837284,5.0,3.4
13451,921528,4.0,3.9
13451,1267586,3.0,4.1
13451,1355003,4.0,3.7
13451,1636337,3.0,2.8
13451,551176,4.0,3.5
13519,2461508,3.0,2.9
13519,2072798,1.0,2.8
13519,22842,2.0,2.2
13519,2113709,2.0,2.1
13519,196698,3.0,2.9
13519,152405,2.0,2.2
13519,257923,4.0,3.2
13519,1014132,3.0,3.0
13519,1837942,3.0,2.6
13519,2191650,3.0,3.3
13519,482590,3.0,2.9
13565,376730,2.0,2.4
13565,1961537,5.0,4.1
13565,1445262,3.0,3.8
13565,2065242,3.0,3.1
13569,1126892,1.0,3.6
13587,2041854,4.0,4.7
13614,360830,2.0,3.3
13614,1242044,3.0,3.3
13614,1061353,4.0,3.4
13614,2220157,2.0,3.7
13614,1124163,4.0,3.5
13614,771516,4.0,4.0
13614,1267586,4.0,4.5
13614,914848,5.0,3.3
13614,525788,4.0,4.1
13614,1471251,5.0,4.4
13614,2030198,5.0,3.8
13614,249977,4.0,3.8
13614,612823,5.0,4.3
13614,1659178,4.0,4.6
13614,58399,4.0,4.3
13614,1065302,4.0,3.5
13614,2194337,4.0,4.2
13614,50057,3.0,3.8
13614,56200,5.0,4.0
13614,1832243,5.0,4.2
13614,1316915,3.0,3.6
13614,2305823,4.0,3.7
13614,2636145,4.0,3.7
13614,1106149,5.0,3.7
13614,1222399,4.0,3.8
13614,1929292,4.0,3.7
13614,2489039,3.0,3.9
13614,1021435,4.0,4.0
13614,1228562,3.0,4.3
13614,489702,5.0,2.8
13633,1197493,5.0,2.3
13636,754082,3.0,3.7
13636,497196,1.0,2.7
13636,1267586,5.0,4.4
13636,1531344,5.0,4.3
13636,659029,4.0,3.5
13636,1196969,3.0,3.6
13636,529685,2.0,3.7
13636,2007083,5.0,4.3
13636,1385823,3.0,4.1
13636,930538,3.0,3.8
13636,1065302,3.0,3.4
13636,158086,5.0,3.6
13636,2130566,4.0,4.4
13636,2060858,4.0,3.5
13636,2585062,5.0,4.4
13636,326502,3.0,4.3
13636,1111123,4.0,3.8
13651,771805,4.0,4.0
13651,22842,2.0,2.9
13651,1267586,5.0,4.2
13651,1000904,4.0,4.0
13651,1829594,4.0,3.4
13651,1342657,4.0,3.4
13651,1103874,2.0,3.6
13651,1972488,3.0,2.8
13651,59742,1.0,3.2
13651,1831361,4.0,3.6
13651,1688176,4.0,3.8
13651,2479648,4.0,3.7
13651,695541,1.0,3.3
13651,2059635,2.0,3.4
13651,215911,3.0,3.3
13651,2140945,1.0,4.0
13651,1894440,5.0,4.9
13651,1658790,3.0,3.4
13674,242429,2.0,3.3
13748,1672380,3.0,3.1
13748,22842,2.0,2.6
13748,1286689,4.0,3.1
13748,515441,3.0,3.2
13748,480567,5.0,4.0
13748,2188505,4.0,3.5
13748,1902140,4.0,3.8
13748,1103874,5.0,3.5
13748,1970922,5.0,4.1
13748,2305583,4.0,3.7
13748,1314399,2.0,3.3
13748,1816695,4.0,3.4
13748,909399,3.0,3.5
13748,2283319,3.0,3.2
13748,461065,4.0,3.4
13748,2000906,4.0,3.1
13748,1664634,4.0,3.1
13769,2634967,1.0,1.0
13787,2442680,1.0,3.3
13787,1805679,4.0,3.8
13787,936998,4.0,3.2
13787,2024389,3.0,3.5
13787,1742939,3.0,3.3
13787,1447591,5.0,3.7
13787,782528,4.0,3.0
13787,2463816,3.0,2.9
13787,1168291,4.0,3.4
13787,1659178,4.0,4.0
13787,2626881,4.0,3.8
13787,1237037,5.0,4.1
13831,2387369,5.0,4.1
13835,1414159,5.0,4.2
13835,2069625,4.0,3.7
13853,1862392,4.0,3.0
13853,2174688,2.0,2.5
13853,1523477,2.0,3.6
13853,1802288,3.0,2.9
13853,531125,1.0,2.3
13853,2545730,4.0,3.3
13853,2059635,3.0,3.0
13853,680324,2.0,3.1
13878,1370564,3.0,2.9
13887,12876,5.0,4.8
13887,1236924,3.0,3.0
13887,1124163,3.0,2.8
13887,1234095,3.0,2.6
13887,1955660,3.0,3.0
13887,152405,3.0,3.0
13887,1170144,3.0,3.6
13887,712361,2.0,3.2
13887,180243,3.0,3.6
13887,2466889,3.0,3.3
13887,1555643,1.0,3.9
13887,1641914,3.0,3.9
13887,2486182,4.0,3.4
13927,1617710,4.0,3.8
13934,2335640,3.0,3.1
13934,2297074,2.0,3.1
13938,513501,3.0,3.9
13964,782528,3.0,3.4
13965,1005185,5.0,4.4
14013,2455,3.0,3.3
14013,2289798,4.0,3.4
14013,1062804,1.0,3.3
14013,761430,5.0,4.9
14072,1226991,4.0,3.7
14072,475253,4.0,4.0
14079,739683,3.0,4.2
14086,628118,4.0,4.3
14086,2586810,5.0,4.4
14088,2556321,5.0,4.1
14096,1984813,2.0,3.4
14137,2397914,3.0,2.7
14137,1267586,4.0,3.4
14137,235562,1.0,3.0
14137,1293788,1.0,2.8
14137,442899,3.0,3.7
14144,654043,4.0,3.7
14144,921080,4.0,3.5
14144,2444710,4.0,3.4
14144,1861186,4.0,3.9
14144,1208836,3.0,3.3
14144,948702,4.0,3.8
14144,2586810,4.0,4.2
14154,2177165,3.0,3.3
14154,2259855,4.0,4.7
14154,1192820,4.0,3.2
14185,1143911,5.0,4.7
14185,1316174,4.0,4.3
14185,2648287,4.0,3.9
14185,2247785,4.0,3.8
14185,2457851,4.0,4.0
14185,1807578,5.0,4.2
14185,2174148,4.0,4.1
14185,1604357,5.0,3.5
14185,1062804,2.0,3.7
14185,1688176,5.0,4.3
14185,425238,5.0,4.0
14185,1389127,4.0,4.3
14185,2305823,4.0,3.7
14185,475253,5.0,4.7
14185,561636,5.0,3.3
14185,2052563,3.0,4.0
14189,2634967,1.0,1.2
14198,1267500,2.0,3.9
14198,1460897,4.0,4.0
14198,194351,2.0,3.8
14198,2007083,4.0,4.4
14198,379499,4.0,3.7
14198,2542703,5.0,4.3
14198,1679839,3.0,3.8
14198,1784935,5.0,4.2
14198,50057,5.0,3.8
14198,492513,4.0,3.7
14198,1357894,4.0,4.1
14198,372239,4.0,4.3
14199,1451183,3.0,2.6
14199,347827,4.0,3.5
14199,1326994,2.0,2.6
14199,2279609,3.0,2.9
14203,867192,4.0,3.5
14203,1732859,2.0,2.5
14203,2397914,4.0,2.9
14203,2291422,2.0,3.0
14203,2007083,1.0,3.2
14203,305632,3.0,3.3
14203,840996,2.0,2.7
14203,2122411,3.0,2.8
14203,2636145,3.0,2.6
14203,807890,5.0,3.1
14203,390751,3.0,2.7
14203,1281487,3.0,3.5
14209,2127722,4.0,4.0
14209,1286689,3.0,3.2
14209,806546,4.0,3.2
14209,99865,5.0,3.4
14209,2174688,5.0,2.7
14209,990036,3.0,3.1
14209,2524436,3.0,3.7
14209,1104107,3.0,3.4
14209,1002943,2.0,3.8
14209,2419256,5.0,4.6
14209,2247406,3.0,3.1
14209,449597,3.0,4.0
14209,1713085,3.0,3.1
14209,1372889,5.0,3.9
14209,2495459,3.0,3.0
14209,1010964,5.0,4.8
14209,2466889,4.0,3.3
14209,1401726,4.0,4.1
14209,1974194,4.0,3.2
14216,1679839,4.0,3.9
14216,2545709,4.0,4.3
14248,1316174,2.0,3.7
14248,2259855,4.0,4.5
14248,1445262,5.0,4.1
14248,375199,3.0,3.9
14283,2179335,5.0,4.1
14283,470744,5.0,4.3
14283,342274,5.0,4.5
14283,2113709,5.0,3.9
14283,132537,5.0,5.0
14283,375199,5.0,4.9
14283,1170831,5.0,5.0
14292,10374,3.0,3.7
14317,2315626,4.0,3.2
14317,1806407,3.0,2.9
14317,1332183,4.0,3.6
14317,489702,2.0,1.8
14317,1550207,1.0,1.6
14320,1764247,5.0,3.9
14320,2262258,4.0,3.7
14320,1602339,3.0,4.0
14320,1902140,4.0,4.6
14320,2315626,3.0,3.9
14320,1784946,2.0,4.2
14320,489702,1.0,2.6
14329,1977959,3.0,2.0
14335,1955660,4.0,3.4
14335,2304298,4.0,3.8
14354,449597,1.0,2.9
14380,680324,2.0,3.3
14407,277223,3.0,3.0
14407,1728094,4.0,3.6
14407,823802,5.0,3.7
14407,1903588,5.0,4.1
14407,578896,4.0,3.8
14407,2012675,4.0,3.6
14407,1370564,2.0,3.0
14407,1091467,4.0,3.7
14407,1713085,4.0,3.3
14407,999528,3.0,3.9
14407,2287699,4.0,3.0
14430,1829594,3.0,3.8
14430,1941862,3.0,3.8
14430,2207806,3.0,3.9
14457,1447591,3.0,3.6
14457,2463816,4.0,3.1
14457,801513,2.0,3.3
14457,811104,4.0,3.5
14457,1941862,3.0,3.6
14457,2315626,3.0,3.6
14457,78922,5.0,4.1
14457,461065,4.0,3.7
14457,1984813,4.0,3.5
14457,807592,3.0,3.4
14459,1527713,4.0,3.3
14459,1418739,5.0,2.5
14459,1606520,3.0,2.9
14459,1116031,3.0,3.0
14459,1996154,3.0,3.4
14459,2019921,4.0,4.3
14459,1475817,3.0,3.4
14459,2605004,4.0,3.8
14459,1493439,4.0,3.7
14459,137602,2.0,2.9
14459,885386,3.0,3.6
14459,180243,3.0,3.7
14459,508323,4.0,4.1
14459,2344418,3.0,3.2
14459,1846106,4.0,3.7
14484,1103906,4.0,3.2
14484,1594839,3.0,3.9
14484,1000904,2.0,3.7
14484,1944206,3.0,3.2
14484,173301,4.0,3.6
14484,235562,5.0,3.5
14484,2082864,4.0,3.0
14484,2335640,5.0,2.7
14484,2428151,3.0,3.6
14484,1902140,3.0,3.9
14484,1564968,3.0,3.9
14484,738804,3.0,4.2
14484,249241,3.0,3.2
14484,2209351,5.0,4.0
14484,2495459,3.0,3.0
14484,1010964,5.0,4.7
14484,400440,4.0,3.2
14484,508323,5.0,4.0
14484,1860613,3.0,3.7
14484,1795821,5.0,2.9
14484,1658790,2.0,3.0
14484,1459323,3.0,3.5
14496,1284186,5.0,3.5
14503,860647,4.0,3.0
14506,1988375,5.0,3.7
14648,2127722,5.0,4.7
14648,2286322,3.0,4.2
14648,508323,5.0,5.0
14648,2593295,5.0,4.8
14648,770339,5.0,3.7
14712,1764247,3.0,2.9
14712,1574264,4.0,3.3
14712,470744,1.0,2.8
14712,523720,4.0,4.6
14712,921080,3.0,2.9
14712,2618990,4.0,3.8
14712,1105839,3.0,3.5
14712,2406766,2.0,2.8
14712,2259855,3.0,4.5
14712,849748,3.0,3.2
14712,601868,3.0,3.0
14712,1284186,4.0,2.8
14712,801513,4.0,3.3
14712,1062450,3.0,3.9
14712,1484825,4.0,2.9
14712,136381,1.0,2.9
14712,201405,3.0,2.8
14712,2466889,4.0,3.3
14712,475253,4.0,3.7
14712,1201041,3.0,2.5
14712,326502,4.0,3.8
14712,834896,3.0,3.1
14716,754082,4.0,3.6
14716,10374,3.0,4.3
14716,2399478,3.0,4.1
14716,2303773,4.0,3.9
14720,1753201,3.0,3.3
14720,904842,4.0,2.9
14738,2269039,4.0,3.6
14738,531125,2.0,2.4
14738,2147765,4.0,4.2
14983,2209351,4.0,4.5
14983,2077046,4.0,3.7
15033,16386,3.0,3.6
15033,1753201,4.0,3.6
15033,1941862,3.0,3.7
15033,1025888,4.0,4.0
15040,371701,2.0,2.6
15071,2353376,4.0,3.2
15153,2461508,4.0,3.0
15153,1409687,3.0,2.9
15153,442276,2.0,2.5
15165,1309683,4.0,3.2
15201,2593295,5.0,4.4
15223,497196,3.0,2.1
15223,1315754,2.0,2.6
15223,670748,5.0,2.7
15223,2192781,1.0,2.8
15223,924960,3.0,3.7
15223,69090,2.0,2.6
15223,1234163,3.0,2.9
15223,1806407,3.0,2.9
15223,2188443,2.0,3.0
15234,2630287,3.0,2.7
15234,1531344,3.0,3.3
15234,277223,1.0,2.5
15234,1955660,2.0,2.6
15234,10374,5.0,3.7
15234,2419256,5.0,4.7
15234,1147635,2.0,3.1
15234,1370564,3.0,2.3
15234,201405,1.0,2.8
15234,2305823,3.0,2.9
15234,1019912,3.0,3.0
15234,1960295,3.0,3.1
15246,1540127,4.0,3.1
15246,1091467,3.0,3.7
15257,89453,4.0,3.1
15257,1151752,5.0,3.8
15257,738804,4.0,4.2
15257,1785017,3.0,3.2
15257,1152342,4.0,3.5
15276,2507653,3.0,3.5
15378,2556321,4.0,4.3
15409,2220157,3.0,3.1
15409,1928964,3.0,1.6
15409,2416829,5.0,3.6
15409,2353376,3.0,3.2
15409,1054433,2.0,2.6
15409,464504,3.0,2.7
15409,1437964,4.0,3.7
15409,1662770,3.0,3.2
15409,2066198,3.0,3.0
15410,823802,3.0,3.4
15410,1546186,2.0,3.3
15449,844748,2.0,3.3
15449,1647181,3.0,3.0
15449,1969285,1.0,3.6
15449,425238,4.0,3.6
15464,1085488,4.0,3.6
15496,2072798,3.0,3.6
15496,2291422,1.0,3.3
15496,2007083,3.0,4.0
15496,1099918,3.0,3.2
15496,151871,4.0,3.6
15496,829401,3.0,3.9
15496,2395970,5.0,3.9
15496,999528,3.0,3.6
15496,79556,2.0,3.3
15516,2459251,4.0,3.3
15516,2602249,3.0,2.7
15516,2393192,3.0,3.7
15529,2057826,2.0,2.8
15529,1553270,3.0,3.6
15529,1743381,2.0,2.8
15529,962151,3.0,2.6
15532,314110,4.0,4.2
15532,485083,4.0,3.1
15532,2417245,5.0,2.9
15532,1753201,3.0,3.2
15532,2310027,4.0,3.1
15532,1572273,3.0,3.3
15532,59742,3.0,3.0
15532,1395584,4.0,4.1
15532,1389127,3.0,3.5
15532,2253274,3.0,3.1
15532,1111123,4.0,3.1
15557,1159968,3.0,3.9
15557,1357428,4.0,3.9
15557,1293788,3.0,3.2
15557,1152342,3.0,3.7
15568,2300972,5.0,3.8
15568,87360,5.0,4.3
15568,791811,4.0,3.8
15568,853459,5.0,4.0
15576,2599761,3.0,3.1
15576,933642,4.0,3.6
15582,2127722,3.0,4.0
15582,2443940,2.0,2.8
15582,468079,4.0,3.6
15582,2498359,3.0,3.7
15582,187896,3.0,2.8
15582,89453,3.0,3.0
15582,1840149,3.0,4.2
15582,132537,4.0,4.1
15582,612823,3.0,3.6
15582,2305583,4.0,3.7
15582,152405,3.0,3.0
15582,2387463,4.0,3.8
15582,106933,4.0,3.3
15582,2176465,3.0,2.3
15582,1189286,3.0,3.4
15582,1401726,5.0,4.2
15582,872408,2.0,2.6
15582,1799090,3.0,3.5
15582,1555081,5.0,3.8
15592,2601892,3.0,3.5
15657,1370564,4.0,2.6
15657,201405,4.0,3.2
15662,1640123,4.0,3.8
15662,1664146,4.0,3.8
15662,697045,5.0,3.8
15662,1099801,4.0,3.8
15662,2246442,5.0,4.8
15662,323243,4.0,3.3
15662,1062416,4.0,3.5
15662,2395970,5.0,4.2
15662,1338297,4.0,4.5
15662,946972,4.0,3.7
15662,1311777,4.0,3.9
15662,2399478,4.0,3.9
15707,98388,4.0,3.5
15712,2502462,1.0,2.2
15712,12876,5.0,4.7
15712,2082864,3.0,2.6
15712,972914,4.0,4.0
15712,558480,2.0,3.5
15712,862778,3.0,2.7
15712,442899,5.0,3.5
15716,806546,5.0,3.7
15716,2077046,3.0,3.9
15741,1062416,2.0,2.6
15741,1370564,1.0,2.0
15808,1414159,4.0,3.8
15816,497196,3.0,2.6
15816,2443940,3.0,3.2
15816,1267500,3.0,3.6
15816,657582,4.0,3.7
15816,1511466,3.0,3.3
15816,2495459,3.0,3.1
15816,2122411,3.0,3.6
15816,1688176,3.0,3.7
15816,475253,4.0,4.1
15816,998142,3.0,2.8
15820,1267500,3.0,3.3
15820,2455340,2.0,1.9
15830,400440,1.0,3.4
15836,1757328,4.0,3.6
15841,1107860,5.0,4.1
15841,1807774,3.0,3.3
15911,497196,2.0,1.9
15929,2077046,4.0,3.9
15929,1682531,4.0,3.9
15946,314110,3.0,3.2
15955,1061353,4.0,2.9
15955,1759205,4.0,3.5
15955,256348,5.0,3.9
15955,1369127,4.0,3.5
15962,1757328,3.0,3.3
15962,2006505,3.0,3.2
16022,649226,5.0,4.4
16046,1229196,3.0,4.1
16046,1103874,5.0,3.7
16046,329653,3.0,4.0
16055,2136927,2.0,2.8
16082,2105990,3.0,3.7
16082,654334,5.0,3.8
16082,1380506,2.0,3.6
16082,349572,2.0,3.0
16082,277223,5.0,3.0
16082,1460897,3.0,3.3
16082,1983102,5.0,3.8
16082,1840149,4.0,4.4
16082,538321,5.0,4.5
16082,542729,2.0,3.7
16082,257923,4.0,3.9
16082,1062804,3.0,3.0
16082,956271,4.0,3.4
16082,2588755,3.0,3.2
16082,1974194,5.0,3.2
16082,2486182,5.0,3.4
16147,1647196,5.0,4.6
16147,238525,5.0,4.5
16147,2436738,5.0,4.8
16147,628118,4.0,4.5
16147,1303781,5.0,4.7
16147,1829594,5.0,4.2
16147,2335640,3.0,3.7
16147,2542703,5.0,4.6
16147,738784,5.0,4.2
16147,2153837,5.0,4.6
16147,894055,5.0,4.3
16147,440499,5.0,4.8
16147,2386179,4.0,3.8
16147,2283319,4.0,4.0
16147,2588755,5.0,4.3
16147,1284912,4.0,4.3
16150,2628220,3.0,4.0
16150,1805679,4.0,4.1
16150,2054694,3.0,3.2
16150,601868,3.0,3.6
16150,1355003,4.0,3.8
16150,1288391,3.0,3.9
16150,1489463,4.0,4.1
16150,136381,3.0,3.5
16150,1784946,5.0,3.8
16150,1284912,4.0,3.8
16162,1873315,4.0,3.8
16162,2634967,1.0,1.5
16169,1267500,2.0,3.2
16169,1402813,3.0,2.7
16169,2194337,3.0,3.4
16169,2315626,4.0,3.4
16169,1697595,3.0,3.7
16169,836261,3.0,3.4
16169,962151,3.0,2.3
16169,400440,2.0,2.6
16169,1935714,4.0,3.6
16169,118244,3.0,2.9
16169,2071383,4.0,3.0
16169,874948,3.0,3.4
16169,2066198,3.0,2.6
16188,853459,3.0,4.0
16252,1750544,5.0,4.3
16262,2611449,4.0,3.8
16262,1647181,3.0,3.1
16262,1757328,5.0,3.6
16262,2136927,3.0,3.1
16262,1103874,4.0,3.7
16262,2526662,3.0,3.7
16262,1298126,4.0,4.0
16262,1900424,4.0,3.6
16283,815418,2.0,2.5
16283,10337,4.0,2.6
16286,1412189,3.0,3.1
16286,1249433,2.0,2.7
16286,439926,2.0,3.1
16286,1288391,5.0,3.7
16286,962151,3.0,3.0
16286,1779681,3.0,3.3
16286,1025888,3.0,3.6
16286,442899,4.0,3.4
16329,2138216,5.0,3.9
16329,1370564,4.0,3.0
16344,1267500,3.0,3.5
16344,860839,3.0,3.1
16344,1116031,1.0,2.9
16344,1581343,2.0,2.8
16344,77708,3.0,3.8
16344,1271756,4.0,3.4
16344,853459,2.0,3.7
16344,399772,4.0,3.8
16344,2188443,2.0,3.2
16344,2041854,3.0,3.9
16349,297269,5.0,4.2
16349,1546186,5.0,3.8
16444,2561741,5.0,3.5
16444,1281487,3.0,3.8
16554,2247785,4.0,3.7
16572,227280,3.0,3.3
16572,2038196,3.0,3.1
16572,1718987,2.0,2.9
16572,2405506,3.0,4.1
16606,2432658,3.0,3.4
16606,2421852,3.0,3.4
16606,1577811,2.0,3.4
16606,1840149,5.0,4.3
16629,1365272,4.0,3.9
16705,754082,5.0,3.5
16705,1159968,3.0,3.7
16707,1420822,3.0,3.6
16707,654043,4.0,3.7
16707,396400,3.0,3.6
16707,2137489,4.0,4.4
16707,100415,5.0,3.4
16707,1759205,4.0,3.5
16707,1551094,5.0,4.0
16707,558480,5.0,4.1
16707,787944,5.0,3.5
16707,1522119,4.0,3.5
16707,2335640,5.0,2.9
16707,47344,4.0,3.4
16707,1444657,2.0,2.7
16707,196027,2.0,3.7
16707,1243335,5.0,3.5
16707,901720,3.0,3.7
16707,2130756,5.0,4.0
16707,1014132,3.0,3.8
16707,136381,3.0,3.4
16707,2545730,4.0,3.7
16707,1550207,3.0,2.2
16731,296153,4.0,3.8
16733,939439,3.0,3.8
16770,1451183,3.0,2.8
16770,1640123,5.0,3.4
16770,409290,3.0,3.5
16770,550777,4.0,3.6
16770,2279609,2.0,3.1
16770,901069,4.0,2.4
16784,1079746,4.0,2.8
16784,2174575,4.0,4.1
16784,882006,4.0,3.8
16784,1688176,3.0,3.9
16784,1605513,3.0,4.1
16784,1445262,3.0,4.3
16788,2628220,3.0,3.6
16788,2502462,1.0,2.3
16788,36600,2.0,2.9
16788,2461508,3.0,3.5
16788,2206704,5.0,4.3
16788,270495,3.0,3.2
16788,1946893,4.0,3.3
16788,2176465,3.0,2.2
16788,492513,3.0,3.0
16788,1170831,3.0,4.3
16788,1799090,3.0,3.4
16788,2303773,4.0,3.5
16790,1357428,5.0,3.2
16797,2030198,5.0,2.8
16889,1085863,4.0,3.8
16889,369756,4.0,3.3
16889,1176322,2.0,3.4
16889,1370564,2.0,2.8
16889,1656649,4.0,3.2
16915,2634967,1.0,1.0
16931,1242044,4.0,3.1
16931,1159968,4.0,3.3
16931,1370564,3.0,2.7
16931,1395584,4.0,3.9
16931,705534,4.0,3.3
16931,2000906,3.0,3.1
16948,2079036,3.0,3.2
16948,58399,4.0,3.4
16948,1846106,3.0,3.5
16948,1641914,1.0,3.6
16948,1228562,3.0,3.3
16948,834896,1.0,3.1
16970,56790,3.0,2.8
16970,1430398,3.0,3.0
16970,1356861,3.0,2.9
16986,2449001,5.0,3.7
16993,373557,3.0,3.7
17074,2602249,3.0,1.9
17085,1267586,5.0,4.9
17085,2432658,4.0,4.4
17085,1767795,5.0,4.8
17085,1159968,5.0,4.2
17085,256348,5.0,4.7
17085,1860613,3.0,4.6
17174,1241706,4.0,4.4
17174,409290,5.0,4.2
17174,943538,2.0,3.3
17174,2164873,4.0,3.7
17174,2014280,4.0,3.7
17182,349572,3.0,3.5
17196,2461508,3.0,3.5
17196,2495459,3.0,3.0
17203,1417806,1.0,3.5
17324,267088,4.0,3.7
17324,1742939,4.0,3.4
17324,277223,5.0,3.2
17324,2427632,3.0,3.5
17324,1922607,4.0,3.8
17324,2305583,4.0,4.1
17324,2420083,3.0,3.8
17324,1448838,5.0,3.4
17324,1091467,3.0,3.8
17324,2200358,3.0,3.5
17324,1656649,1.0,3.2
17324,2244124,5.0,3.7
17324,872408,2.0,3.1
17324,57193,4.0,3.5
17324,2000906,3.0,3.6
17324,2069625,2.0,3.6
17334,1197493,1.0,1.4
17334,1401726,5.0,3.2
17338,1977959,4.0,3.1
17338,1344228,4.0,3.6
17358,69090,3.0,2.9
17358,2136927,3.0,3.3
17358,1903588,5.0,3.7
17358,2012675,3.0,3.4
17358,2521402,3.0,3.8
17358,1806018,3.0,3.5
17423,2602249,3.0,2.9
17423,373557,3.0,3.5
17423,1757328,2.0,3.7
17423,1475817,4.0,3.5
17423,956271,3.0,3.4
17454,208724,3.0,3.0
17536,2077046,3.0,3.6
17536,885386,4.0,4.3
17556,2633320,3.0,2.7
17558,1574264,4.0,3.6
17558,1159580,4.0,3.6
17558,2054694,5.0,3.4
17558,142909,5.0,3.5
17558,578896,4.0,3.8
17558,1806407,3.0,3.3
17558,204504,5.0,4.6
17558,1960295,5.0,3.4
17561,1697595,3.0,4.1
17561,2644945,5.0,3.3
17561,106933,4.0,3.0
17561,2176465,3.0,2.0
17574,2041533,4.0,4.1
17574,270495,4.0,3.2
17574,2024602,4.0,3.7
17574,1581343,3.0,3.0
17574,933082,2.0,2.6
17574,43489,4.0,3.5
17574,1025888,3.0,3.5
17624,2602249,3.0,2.7
17624,161223,4.0,2.9
17642,1743381,3.0,3.3
17653,2041533,4.0,4.0
17653,2394802,3.0,3.6
17654,511942,3.0,3.1
17693,1731259,3.0,3.0
17693,538321,4.0,4.0
17725,823802,4.0,3.6
17725,1640546,4.0,2.8
17741,2082864,2.0,2.8
17741,326502,3.0,3.6
